gene,coef_Intercept,coef_diagnosis,coef_age,coef_Treatment_Var,pval_Intercept,pval_diagnosis,pval_age,pval_Treatment_Var
'ENSG00000106404',4.78213609536997,0.1705862922158844,0.014886030212152642,0.17153049016232158,3.460268568556857e-80,0.13054131762938073,0.00010804263028744431,0.5231314228354715
'ENSG00000150337',5.275403752321304,-0.07089024550948317,-0.011531625705759297,0.20790986813950033,1.2558509177027851e-108,0.484401921584373,0.0008429871189802266,0.5163216272819787
'ENSG00000057657',5.667085358051142,-0.10161946673977951,-0.015504578838051397,0.02514646070222455,2.774661667336422e-161,0.40959255427878505,0.00023204049456840623,0.6786384937455547
'ENSG00000141506',5.978545024106995,-0.27333399036346023,-0.015942789402357296,0.0945980538407845,5.359000809527711e-108,0.046701424511838986,0.0006679913497766259,0.5528344750121602
'ENSG00000071082',9.349948898086632,-0.3605303140917608,-0.01917556079969187,0.07398229616901651,0.0,0.004902899890544292,1.1492192238426496e-05,0.5695994693530619
'ENSG00000273344',5.9101500738831945,0.08513470032634622,0.011408928738091078,0.03024446379933648,1.1167704381494635e-274,0.3801777433213316,0.0005765468459574606,0.6561587711426408
'ENSG00000142583',8.447167186500163,-0.4665766197870486,-0.023913413073441952,0.294766370386315,3.0759926076349254e-53,0.027160388592386404,0.0008880389734070143,0.5064635079891218
'ENSG00000226581',4.335573367788683,0.21010678972132396,0.012967181703618264,0.031205985609254992,2.5265123143765856e-146,0.03135530559047224,0.00010069477989355628,0.6524570846882716
'ENSG00000137752',6.23005509573452,-0.31700354542181297,-0.02439365379615119,0.013616676076912967,8.234170180362725e-101,0.07328176283628157,5.645940936439344e-05,0.758568081995819
'ENSG00000197943',6.7290200131777596,-0.32488667968275087,-0.024502835522771285,0.018102121846740007,1.1511046489446903e-117,0.06296409116073112,4.1259269588339214e-05,0.7209856141435913
'ENSG00000181631',7.953531516018713,-0.4545401019457635,-0.024274444272660962,0.035483757557706636,1.2018089423380858e-118,0.021149155959190532,0.00031226712580548606,0.6378150545811527
'ENSG00000114013',-1.4304540962884744e-16,-0.33475434853038527,-0.021427447910714457,0.0,1.0,0.05848138723907367,0.0003751062486935537,nan
'ENSG00000277831',1.0910941803085105e-16,0.255557806456004,0.014170443045391562,0.0,1.0,0.026426385448035786,0.00030015796725308444,nan
'ENSG00000234056',4.96062482135723,-0.05227782513684366,0.02264538723961731,0.16511307829118005,1.3177463951892245e-46,0.7379834052740539,2.1170890917796435e-05,0.5246187016492787
'ENSG00000116604',5.983647829696256,0.10113737807136164,0.012765796034240813,0.13639933805266027,1.0614617605954816e-131,0.3819161905493107,0.0012035957850776173,0.5329011146164846
'ENSG00000255503',4.406964081309459,-0.13729799789272157,0.015561893627431211,0.019236192623782844,1.9955068092257053e-146,0.17877491254126388,8.336351596586228e-06,0.7129918057891182
'ENSG00000132773',6.137189557144332,-0.4232405399236907,-0.01498388826760343,0.034908345898128926,1.6722284510168044e-201,0.00027976003596535856,0.0001656676176852692,0.6396416961654665
'ENSG00000185950',7.186483690317416,0.092447388087865,0.015264434233331244,0.04698331568759724,0.0,0.36593664067712606,1.2227289296470238e-05,0.6084425177186628
'ENSG00000150782',-2.256023141792316e-16,-0.5291981449090866,-0.021518346220756438,0.0,1.0,0.0020075939774610186,0.00022500590482340624,nan
'ENSG00000268205',8.332812288101234,0.09157647992608178,0.010561976520016916,0.31868191107603294,2.32018801952734e-310,0.2691809057224316,0.0001832201940311728,0.504662242019019
'ENSG00000226742',6.844529125566293,-0.1438891224072049,-0.014261166417995894,0.021757932199233842,2.6722008170713792e-284,0.2017631694555867,0.00021493763464884474,0.6969740091956047
'ENSG00000260912',3.9187803012995532,0.2867207478553563,0.02318184743374195,0.007358595366387508,3.2491346590725702e-52,0.0702886944540288,1.9836899349908413e-05,0.8460580693631953
'ENSG00000179715',5.876338845933177,-0.36930344730032766,-0.017136518738222393,0.059527212111214214,4.677967458742538e-195,0.0005785565099019053,2.8635889574293085e-06,0.5868043024964154
'ENSG00000154309',1.0016789282382964e-16,0.23825918550430294,-0.02294071600927997,0.0,1.0,0.07588036560440901,5.173188942764691e-07,nan
'ENSG00000205542',-3.6572190067432773e-16,-0.8583034189794364,-0.030690547993062204,0.0,1.0,7.136123043429361e-06,2.4182414298243124e-06,nan
'ENSG00000274253',5.798680515212059,-0.13226909540236512,0.01765337615204858,0.2756765988607673,1.7905145277705535e-90,0.2406287628535586,4.283742920497076e-06,0.5081153817139799
'ENSG00000218283',5.913739646061857,-0.12757985833797783,-0.01520924226802934,0.047237259200238815,3.980177423066369e-285,0.16363023394698661,1.1440417081230509e-06,0.6079172902829559
'ENSG00000162408',6.337223416543827,0.04476729490501368,0.01103291938807809,0.0061957176898919,0.0,0.6065160155358211,0.00021002937834841285,0.8426261843097687
'ENSG00000181929',-7.214261277456623e-17,-0.16867751308506765,-0.012289887259729545,0.0,1.0,0.09121197167603108,0.00030107479761228603,nan
'ENSG00000020129',8.648322606912405,0.0390363685565208,0.01779131873864956,0.0785030997664641,2.8118867359138067e-236,0.7771032500296782,0.00015488868272509095,0.5652034406029804
'ENSG00000274422',8.322248908952616,0.5884818272045153,0.025836687726750792,0.23197599985929798,6.73293560603352e-53,0.00871640303752749,0.0007247679466084877,0.5129989291446932
'ENSG00000148935',5.234957306868415,-0.2341737540252953,0.012654286564311886,0.230285003600413,3.761962516690349e-88,0.03132301967436961,0.0006385231858295924,0.5132097386400973
'ENSG00000180530',7.580953062370739,-0.37887442901965745,-0.018693276872343262,0.06290006317482923,0.0,0.00021440144109500958,8.647330416224524e-08,0.5797686846157524
'ENSG00000156261',8.255689726490049,-0.2575120352472715,-0.017002070365556884,0.035467148403989714,0.0,0.03294398198142725,3.7365092247183605e-05,0.6378818248797455
'ENSG00000204482',-5.87492349729938e-17,-0.13640167282007437,-0.019484332987159413,0.0,1.0,0.3887542555474416,0.0002993226743835714,nan
'ENSG00000288049',2.0260109774552256e-17,0.04946767140764058,-0.017237096934646912,0.0,1.0,0.7063826510418949,0.00011556960123956194,nan
'ENSG00000124508',8.423952720453119e-17,0.19965110154335086,-0.012181426994375175,0.0,1.0,0.03924421583358812,0.00022045690690145755,nan
'ENSG00000120738',8.244771813788095,-0.8325117681409118,-0.027405067820489536,0.11191877439476063,4.764848609018514e-125,1.0447765871457386e-06,2.415916431194623e-06,0.5429164835231237
'ENSG00000170315',-2.3753522163148883e-16,-0.5570135639702347,-0.02439021694679053,0.0,1.0,0.005620585808156828,0.0003691655114195202,nan
'ENSG00000136144',7.306384911156984,0.2588349177449355,0.012784295540139169,0.5686491076756357,3.4117107334825884e-83,0.02479630419031882,0.0011333946243216398,0.49471582317288754
'ENSG00000259330',-3.8280557145116464e-17,-0.08857426868339222,-0.015694951825614655,0.0,1.0,0.48307173608165555,0.00026215629314281394,nan
'ENSG00000146587',5.5415240668403,-0.030229713256562638,0.015651993437048126,0.10120640193288277,1.578322212971016e-85,0.8311192908887634,0.0012007269308581953,0.5486828471297656
'ENSG00000120280',-3.087458977407979e-17,-0.0705756268803156,-0.021167423250708934,0.0,1.0,0.647366622609159,5.5932482861432254e-05,nan
'ENSG00000181830',-8.61995320619801e-17,-0.20166548213126384,-0.013487830301857162,0.0,1.0,0.04124050311996647,6.0875828844394e-05,nan
'ENSG00000115956',-9.396204348473957e-17,-0.21950073500904232,-0.01791131444007568,0.0,1.0,0.11130072872307167,0.00013548384897524142,nan
'ENSG00000164434',7.3546297363123445,-0.19128490706225107,-0.022261859120927728,0.1666228749967017,2.1389977353782506e-98,0.22429223586526226,3.324650154553363e-05,0.5244203233882514
'ENSG00000165996',4.994288744572674,-0.36539943458742774,0.018321282876227866,0.011386929365051266,7.567294957499407e-163,0.0010856861844439326,1.7101247689456498e-06,0.7819809011039055
'ENSG00000110851',6.810256423611159,0.3334854683176407,-0.016878472873763997,0.08825448284576706,1.763796418625955e-178,0.006602399327566581,5.541532840590409e-05,0.5571828346547938
'ENSG00000172172',7.064410999760014,-0.447120231395467,-0.020993064404611298,0.14225070387170344,4.850546696512373e-96,0.004888526744588035,0.00010579256101916586,0.5308684790266127
'ENSG00000173253',4.608444151208734,-0.13134533125686615,0.01688770892414057,0.03083872338725014,2.4749088285617245e-92,0.316952275227411,0.0001655450992121373,0.6538543677720927
'ENSG00000166979',-5.613109714697671e-17,-0.13403737047864947,0.018024648005934552,0.0,1.0,0.27100577330683195,1.3774589404123327e-05,nan
'ENSG00000245573',5.833256130778828,-0.0866531518672941,0.013436970442891683,0.2662194641983283,1.358230433976227e-139,0.34577280533814503,1.775284821064096e-05,0.5092788010926439
'ENSG00000271605',7.701741730539675,-0.46871944374651897,-0.03548083756434258,0.03870809946284865,3.771105996500383e-104,0.02062877538641671,2.875126039133901e-07,0.6282327883485782
'ENSG00000137491',7.940497837972788,-0.36094397080526347,-0.028909311454017664,0.5824154128867872,1.5677345489343736e-31,0.0788670707611699,3.5859443256562304e-05,0.49439084528423705
'ENSG00000132965',6.234674261708652,-0.33734028378979464,-0.02353350412562148,0.019112450202107514,4.4609236476102006e-157,0.015566517871852783,8.035489816777718e-07,0.7138330558972903
'ENSG00000175324',-1.8260574322570224e-16,-0.4283106684531378,-0.017712078489274294,0.0,1.0,0.0008549993653199207,5.1280814889918134e-05,nan
'ENSG00000261696',3.953978273940603,0.08616509993083464,0.0169681785468761,0.018478239955818234,1.7376779489372236e-75,0.5030330634338211,0.0001151231671582767,0.7183294788580759
'ENSG00000157193',7.47162027141224,0.2046387160242567,-0.012545298301255144,0.005744205065134356,0.0,0.052357574161103676,0.0005111734698757392,0.8433282035125944
'ENSG00000187531',6.073135306076929,-0.009037526797754566,0.01574691830653535,0.004133623893396031,2.299324114029355e-185,0.9443069570321716,0.0004018799022621601,0.9092285868670957
'ENSG00000237037',5.929752611010486,-0.0013549329686776308,-0.013852350379979046,0.05426703834270076,1.284254540132232e-254,0.9887076735527078,2.2325148533075075e-05,0.5949892970700967
'ENSG00000163520',6.490716621284242,-0.16311321708260668,-0.01772030959771947,0.16330300393140815,4.6554918518583245e-80,0.293016257613262,0.000801968160258459,0.5250558675067762
'ENSG00000095970',6.255102245372587,-0.35389531471241686,-0.016700938177688095,0.41188066279274016,6.514264340324359e-46,0.019115672594525603,0.0011679633059205482,0.4997243540485513
'ENSG00000272040',4.480951419401319,0.051837696913522385,0.013242684742471023,0.007744825456789577,1.987474419189068e-124,0.6551624138726913,0.0008693676394707001,0.8295378243395641
'ENSG00000263266',-9.862042749849198e-17,-0.23130344214834184,-0.009719464479615572,0.0,1.0,0.0002592707430666476,6.537867795208471e-06,nan
'ENSG00000164118',6.34677374948396,0.028229022719200123,0.010031474230202961,0.19241104918472993,2.9410755702568997e-182,0.7681886203367863,0.0021130545588271613,0.519082246291708
'ENSG00000095564',-9.281480029964143e-17,-0.21700922169069425,-0.015833035276785482,0.0,1.0,0.08535996490410688,0.00022733248167672803,nan
'ENSG00000096060',4.907797496131782,0.9223563382105366,0.027443677926583455,1.5427795096230615e-05,2.0150648588998124e-60,1.327337867515917e-06,2.0052085745318476e-05,nan
'ENSG00000144231',6.719036026868298,-0.07511963200884113,-0.012098651663970974,0.10126126156712674,7.042734880495569e-295,0.41303599738133445,0.00011028112550546039,0.5486509461772023
'ENSG00000159842',8.834315529059596,-0.24615089467479825,-0.012905253918103507,0.008946691776518313,0.0,0.023190328745799967,0.0005472806631649424,0.8628722532784253
'ENSG00000135597',8.42864462282621,-0.03595584670290835,-0.01212544123776569,0.035636783729837446,0.0,0.6983499933770041,0.00012977522722761644,0.6373311560092076
'ENSG00000166473',5.366046700490086,-0.23041188996027448,0.022461121401166257,0.0085912775358104,1.0206079660679666e-96,0.14250381794155376,3.2317698750436814e-05,0.8578273244978478
'ENSG00000254040',6.195126558866339,-0.3163166726128997,-0.024176437939037163,0.00822118836786913,8.517896566710618e-116,0.05643344643689602,2.200550219207765e-05,0.8533883747496089
'ENSG00000100568',-1.2155850393370788e-16,-0.28473131977023686,-0.015638620987355602,0.0,1.0,0.038538919149677824,0.0008448635325541332,nan
'ENSG00000121858',5.666334648456694,-0.08605716643476438,-0.01612577299256891,0.005144268921441402,2.9221925700652277e-137,0.541199436685702,0.0008181887024828643,0.8461276111220642
'ENSG00000235597',-8.468929311124559e-17,-0.19820540252592,-0.012529892405151935,0.0,1.0,0.04561734884281819,0.00020617537067938528,nan
'ENSG00000176728',-4.8796088406015675e-17,-0.10870171236762312,-0.0614727088636934,0.0,1.0,0.7056875778129422,3.552256698338052e-10,nan
'ENSG00000262877',5.290062514026445,0.2645872235310909,0.01726408030729377,0.016453962032012475,2.2158506352427347e-123,0.04939665557478351,0.00017808928123073044,0.7335887583818506
'ENSG00000136044',7.38461163852558,-0.271899911629635,-0.013804459580572125,0.0742069629216946,0.0,0.008322205707559668,8.574743627314507e-05,0.5693608703910269
'ENSG00000279602',5.902160721155988,-0.21294597086024383,-0.023572467412726318,0.07739251235288906,2.3152902845026776e-129,0.0959890018556099,6.561829534965023e-08,0.5662261978909755
'ENSG00000286403',7.577216037318818,-0.45258695543363114,-0.03358079091885607,0.8992502944831419,7.994702794619407e-22,0.02377748746348864,8.410213224412697e-07,0.49028511174863787
'ENSG00000089009',7.406629914107228,-0.001552765183866865,-0.017043723496352043,0.04867363745445497,8.889119963311538e-188,0.9912241968542763,0.0004043544325679293,0.6050228123057538
'ENSG00000132274',7.254544745625612,-0.24693825555422827,-0.02475126240588607,1.551871526776748e-05,4.921285707310016e-133,0.18994094814616103,9.828277451426135e-05,nan
'ENSG00000046647',6.288529526273635,-0.2206884477472055,0.016936129429648783,0.16367629081415686,7.096241631118112e-175,0.02879973999400681,8.515475977772988e-07,0.5249651531782538
'ENSG00000067955',6.419131284382902,0.1340595038667136,0.01321681169327597,0.02956089597187496,4.995324112253278e-221,0.2549679684603845,0.0010198813697068947,0.6588795477469176
'ENSG00000196668',1.8281279589004866e-16,0.42863704489015625,0.019303340732745953,0.0,1.0,0.005266078342803927,0.00022374168507481132,nan
'ENSG00000179598',5.255692638138264,0.4121119257220546,0.01242502777401687,0.07393839485689839,8.798834936043995e-170,3.7248876685275136e-05,0.0002671065706790303,0.5696462579244027
'ENSG00000204136',-7.134243338403427e-18,-0.014879431006968391,-0.0189836297867168,0.0,1.0,0.9234543412114743,0.00031779724127629065,nan
'ENSG00000259236',-1.446555211671076e-17,-0.03549944871281155,0.014082141558135655,0.0,1.0,0.7295657046420485,5.63336650645806e-05,nan
'ENSG00000125257',6.786117794214275,-0.31253456619500397,-0.019384648941287358,0.19943151540288556,1.2526809081963265e-119,0.012814390078986122,5.884696870335912e-06,0.517686398389098
'ENSG00000143947',-1.955436635946707e-16,-0.4586514259748675,-0.019023878872957478,0.0,1.0,0.0006823170008457235,3.5076368740324544e-05,nan
'ENSG00000162999',5.8928129894349786,-0.11410616363109696,-0.01697103800528129,0.14199255613855447,8.322656858551114e-150,0.2806174866417972,2.4986763981671196e-06,0.5309640538285154
'ENSG00000271892',4.328041858639795,-0.18519955815359226,0.012800092174148072,0.3786833109026512,6.954605725008601e-40,0.10971770014970368,0.001172701641528509,0.5013293525697203
'ENSG00000260404',5.511440898976297,-0.09117656430116458,-0.010341122155289597,0.5688292750614189,6.616998992093518e-78,0.3107591591881904,0.0007366247274757008,0.4947113297016349
'ENSG00000205784',5.882995927819351,-0.1489586369093839,-0.02115791969515876,0.019508218756822016,1.7525533289232228e-164,0.24611815273013005,1.4534566033818608e-06,0.7111599779233703
'ENSG00000133574',-2.3080466953495296e-16,-0.5410166354001329,-0.025809823114342365,0.0,1.0,0.010022342561677751,0.0003085914810982837,nan
'ENSG00000154975',-7.55659744097321e-17,-0.17618115076160254,-0.017810916054243203,0.0,1.0,0.2340869600156652,0.000410934043416829,nan
'ENSG00000147403',8.415181484676253,-0.36907740247692533,-0.012535089840660823,0.7510464121984806,4.661750549953143e-109,0.0003689500817619572,0.0003827490166862948,0.4916388307069267
'ENSG00000106034',-3.1246363076288637e-16,-0.7336133273211395,-0.023258067527089258,0.0,1.0,1.020920466771363e-05,3.977541051690606e-05,nan
'ENSG00000198805',6.265831615035015,-0.220938671488518,-0.021449312159214837,0.09501750413340768,2.6967529602766026e-116,0.11090258281131062,5.654420613460577e-06,0.5525505953293168
'ENSG00000204272',-1.5409411706869844e-16,-0.36119696543366087,-0.017297219767974593,0.0,1.0,0.0070985913853758905,0.00015277584968702724,nan
'ENSG00000166295',6.841407556626673,0.16307619149276795,0.011612164090068221,0.2795708997949496,6.722295074188005e-212,0.05784722818964641,7.345086210416487e-05,0.5077609119027432
'ENSG00000168234',6.097674771119407,-0.374450576351523,-0.016191183896179913,0.08946912270039349,9.066296748496405e-188,0.00046015250819147135,8.917795733806698e-06,0.5562899461262848
'ENSG00000253924',5.280631578275595,-0.05629367498395439,0.020329377992722483,0.027527370190509826,4.30892098131696e-79,0.7315336602857112,0.0002878843337857793,0.6674756814765939
'ENSG00000184574',6.791833034998138,-0.28511359629643157,-0.020341998084484097,0.006798909168077038,6.8513395384374045e-136,0.09090628664759215,0.00043202140288833786,0.843481179733542
'ENSG00000143977',6.5727764599757785,-0.08195277950135003,-0.015184306441936897,0.1254980960508629,8.771056481739326e-179,0.45947671974650217,5.8015818738885736e-05,0.536924891908984
'ENSG00000137841',7.397701483267678,-0.3597288529009379,-0.020144028654341034,0.684830304520711,1.2997926208306095e-31,0.04485568883256314,0.0009723023901515094,0.4925831792105545
'ENSG00000279161',-4.4717362987011966e-17,-0.10753484905680788,0.02178478407529098,0.0,1.0,0.38310575302246996,2.1097662061877636e-07,nan
'ENSG00000228393',5.254773289955662,0.05075838129220974,0.015955534486489484,0.5639531839493555,3.329013897747448e-54,0.6245241303827018,6.258998043164987e-06,0.49483548336746275
'ENSG00000151702',6.175853932686018,-0.22362525000318295,-0.018459872293258992,0.12388807720586732,8.489155839601215e-118,0.0829396035641726,2.6822355235184267e-05,0.5376182005445596
'ENSG00000163946',7.30704943755542,-0.0545136529290566,0.008395106757384519,0.24408245007272725,0.0,0.448141697970187,0.0006066270050992138,0.5115723197374984
'ENSG00000213523',-1.2447538417796562e-16,-0.2914125455667021,-0.017504398825754684,0.0,1.0,0.013987022282027018,1.4534334745104886e-05,nan
'ENSG00000145362',9.88472233700991,0.20410527640790488,0.007984382885739563,0.2823981786866849,0.0,0.00564711486405472,0.001482739687626402,0.5075094160229905
'ENSG00000050767',6.301257460585554,-0.22815943250381857,-0.01781014543347528,0.08972138381990338,1.3149883831387527e-118,0.10160271197026834,0.00017846803840579218,0.5561071618814732
'ENSG00000130066',11.857361550807305,-0.13812444494199144,-0.021639790202738814,0.0482002131600092,0.0,0.21410793968478636,1.1804804444766073e-08,0.6059578368181446
'ENSG00000274536',7.741769433030025,-0.8894177084936041,-0.032905510560286566,0.007805982225030432,5.754370605276909e-107,3.882070649592623e-05,9.237363316255312e-06,0.8493451270176119
'ENSG00000167851',6.010411107027729,-0.2996560860739395,-0.01844622897090524,0.032736727328023345,5.503819483669626e-125,0.040198870106308356,0.00021769343307758375,0.6469625521879951
'ENSG00000270553',3.628908432965656,0.006298169375492707,0.023057852091372497,0.1415880484867979,3.57726047172958e-36,0.9628661993678734,5.704322599593309e-07,0.5311175011989072
'ENSG00000095585',8.030312106136382,-0.7920997292618845,-0.024500960480727675,0.038843169686861426,9.756473536729067e-107,0.00014469214020462992,0.0005767112203262694,0.6278626843428439
'ENSG00000225975',5.983512078558629,-0.05324026621607719,-0.012840278541507941,0.006647624412557316,0.0,0.5778907254909462,8.969774007710803e-05,0.8430778113595467
'ENSG00000139620',7.480845656778143,0.01734175474410424,-0.017253508996419233,0.03804064293730772,1.2758071175171718e-302,0.879944429533815,1.0789327236762064e-05,0.630087778464328
'ENSG00000155368',-1.1780727873738366e-16,-0.275288753767866,-0.02162638109799544,0.0,1.0,0.06115447408732068,1.5597591624540882e-05,nan
'ENSG00000169398',9.359327641436009,-0.2110036017088434,0.013810528521733971,0.015110392984866713,0.0,0.0770515968555788,0.0007193070397068795,0.7448541268880412
'ENSG00000224081',2.789263190242756e-17,0.06387012253392305,0.018029081290136403,0.0,1.0,0.6147936805161238,3.0178932582517942e-05,nan
'ENSG00000204472',7.068799580733494,-0.4391025433716102,-0.02343189933817667,0.005617120049140663,3.5009239852252372e-161,0.006614246333636405,2.294054154883195e-05,0.8437397503718804
'ENSG00000007923',-6.957065059791672e-17,-0.1625762993356096,-0.012716640944415974,0.0,1.0,0.11137519306275838,0.0002547867238972837,nan
'ENSG00000172243',6.561743934707267,-0.3545709187141669,-0.02148897371402608,0.008015361123181734,2.4336847547529725e-104,0.05578517722387316,0.000737117853109209,0.8512627779965828
'ENSG00000273321',4.269946715244736e-17,0.09887324107024024,0.016772619448570312,0.0,1.0,0.4587578071219899,0.00022310014963747507,nan
'ENSG00000154864',6.450177140421648,0.04690553547167825,0.025877007384397587,0.09280632909877415,6.013546084764608e-57,0.820311887812258,0.00023783008142622586,0.5540856126301013
'ENSG00000174600',5.8575436386003625,-0.020889113198044398,-0.019866164754191926,0.008116211808980199,2.4966712775960936e-114,0.8947384477113995,0.000249167538837691,0.8522741972641072
'ENSG00000184156',-1.4790338477638217e-16,-0.34679229850947707,-0.015552483273090266,0.0,1.0,0.0049711828109897955,0.0002158401070391277,nan
'ENSG00000130741',6.511666952967453e-17,0.15215085118612162,0.012071730356096788,0.0,1.0,0.11101262519078432,0.000204346579749461,nan
'ENSG00000178074',6.229420089487184,0.06318778319725732,0.014152485503314605,0.10959532534558344,1.241628879333253e-205,0.5296667911529825,3.6438779106880965e-05,0.5533604485317261
'ENSG00000171307',7.294312412469936,-0.29537383991871136,-0.012661334207930641,0.25812352539626104,1.0728038578281166e-169,0.004937207682366172,0.00040472930334955646,0.5100760303400662
'ENSG00000151692',7.4586751182541295,0.07671767392370153,0.011382983920443039,3.700272539321443e-07,5.0221935863801955e-236,0.4422880414061582,0.0216342756155745,0.9999984955152587
'ENSG00000261292',4.349577922654654,0.1167195078333932,0.01858426047022731,0.29254083593106833,7.007390006615207e-48,0.3108379207633015,2.1708741444148815e-06,0.5066454650266581
'ENSG00000109971',-4.275796658846005e-16,-1.0039554157718678,-0.031150659420332315,0.0,1.0,9.468511608462734e-06,5.435546868535959e-05,nan
'ENSG00000139168',8.154605359160417,0.02952934278083978,-0.013743452755020901,0.4501843895411107,9.176021392051281e-208,0.7377882020900707,4.769765324915696e-06,0.49801861903706535
'ENSG00000175899',8.609270569538673,-0.2026024868493761,-0.025335349168017093,0.5967028183919324,1.819986810529251e-49,0.24513286501560594,1.9769456902018573e-05,0.494086332137329
'ENSG00000187801',5.565626118491033,0.029223517922329394,-0.019650583646529496,0.027710921234989354,1.5970463995413075e-153,0.8126751885844048,3.1090914267956672e-06,0.666676276714032
'ENSG00000171643',5.594381477292886,-0.1285151493136267,-0.016672990492588174,0.030765019713486788,1.7482930389835345e-108,0.38127299347816024,0.0008839557284731997,0.6541372178593936
'ENSG00000213782',-2.0203909431790387e-16,-0.4743518122674632,-0.015066542037603808,0.0,1.0,7.338603751237121e-05,0.00021660991140343939,nan
'ENSG00000082515',7.529272658934825,-0.46820605411164046,-0.020111383882529817,0.12672724482983708,2.615245975103667e-145,0.0008737393095072739,2.7386289128396645e-05,0.5364931219551436
'ENSG00000100365',5.858059068003694,-0.020112194053521014,-0.017823719235037415,0.1005118636093572,2.768942833734463e-78,0.8980575117297743,0.0008682911769476015,0.5490902172623074
'ENSG00000070761',-1.4968289510508497e-16,-0.3504984966505481,-0.020339023919374304,0.0,1.0,0.021380664617497994,8.784246978350552e-05,nan
'ENSG00000143333',-2.7335308372977204e-17,-0.06177265576939692,-0.025770338359473732,0.0,1.0,0.723955687136667,1.5093452387529123e-05,nan
'ENSG00000120254',6.713255093580738,0.02120627471769256,-0.013285099663435175,0.07348095239058512,9.151790914945131e-226,0.8479309687328774,0.00043123349591912493,0.6178089244202429
'ENSG00000128805',7.626496642516604,-0.11400939792830571,-0.013993253925270946,0.2536108413703347,2.4755576572874273e-137,0.35373486128471043,0.0008348035882862602,0.5105402805298278
'ENSG00000241975',5.399857152208767,0.06694662856080202,-0.013522615377381196,0.01231284780735809,1.296609498861154e-196,0.5415631343377698,0.0003156514669565711,0.7718041945880157
'ENSG00000245694',4.581438096842472,-0.26479375843500047,0.01385784193601803,0.33572563867975513,2.7978163427617545e-40,0.0370405278350737,0.0013563057058683331,0.5038265036609704
'ENSG00000228787',5.540469084806463,0.008780258392472547,-0.01709342104338981,0.004200588652527651,7.994048496603662e-220,0.9353192672020825,4.428102321820764e-06,0.9112253973271758
'ENSG00000117594',-1.3931403029984685e-16,-0.3310963583415177,0.02918577208215972,0.0,1.0,0.10015410111039173,2.0768038208942454e-05,nan
'ENSG00000147437',4.5099053636396835,0.24763929656305575,0.014089602050105404,0.13135787792341747,1.1579066351895562e-66,0.046593899062235884,0.0008947373837682184,0.5347764645991737
'ENSG00000167094',2.214442741546909e-18,0.0035701355642597733,0.0162342664249851,0.0,1.0,0.9799566891328779,0.0007929147076889096,nan
'ENSG00000138135',-2.5996941954126167e-16,-0.6095066862424039,-0.027822814326007535,0.0,1.0,0.002122256064925356,3.799735186714791e-05,nan
'ENSG00000255389',4.753276877317118,0.3634044890548947,0.0138127333005405,0.07456342078496606,1.0957284637249463e-132,0.0003808038890157474,7.512654367216851e-05,0.5689866792315249
'ENSG00000187416',5.699876150599003,0.0192619033518392,-0.016029881828372203,0.2814508644711011,1.2513859789959782e-63,0.8838680473479527,0.0003593926474470206,0.5075931452002562
'ENSG00000281404',-1.2346865705357544e-16,-0.28892188103621164,-0.01868259817812488,0.0,1.0,0.07125820581994875,0.0006131210939395941,nan
'ENSG00000138326',8.630710577052756,-0.26423010350595755,-0.014200731439875972,0.004133119630296331,0.0,0.013453198069069274,0.00011251218751193741,0.9092141553898081
'ENSG00000219438',6.229002783404558,0.3168279171266029,0.014263895666923865,0.20621094321899242,1.3290673706792658e-95,0.013348567106213693,0.0010779142279967954,0.5165859139037915
'ENSG00000255491',5.3853994502847105,0.05006424695364401,-0.01610122541848437,0.01719087274766245,7.945861721141486e-132,0.7050996776796101,0.00037338711579621114,0.7278610632010327
'ENSG00000213339',5.621520812059676,0.06685092548502367,0.016457945534098888,0.194330356319869,5.4473568818378134e-108,0.5446053624293488,1.2010919797906037e-05,0.5187769243467776
'ENSG00000089091',5.4084885344275574e-17,0.1260040127174541,0.013677451795798075,0.0,1.0,0.260917576040834,0.00033827877456349913,nan
'ENSG00000187164',8.90953676089902,0.40309826340334093,0.01585445336384078,0.044652856447249006,2.0100045426086264e-279,0.004040742545039359,0.0009247284915721607,0.6134710012790194
'ENSG00000171421',-1.5542405819616342e-16,-0.3644430180338127,-0.01617726288743385,0.0,1.0,0.0023359984044880977,7.241042125524448e-05,nan
'ENSG00000112877',5.230135658793636,0.14350634587689493,0.010355429699104989,0.22925972605235678,8.951786581362004e-116,0.12963567692124775,0.0013280848720110083,0.5133390417256579
'ENSG00000214046',7.547142836989742,-0.1370414520054253,-0.011298795718788278,0.019530192223246944,0.0,0.12804323063606907,0.00024324078416889427,0.711012912059021
'ENSG00000170160',6.709576968620783,-0.22738066999065465,-0.018258138987787026,0.1905510533121271,5.717693445998985e-102,0.09527951807773424,8.456218690854362e-05,0.5193876371990604
'ENSG00000177182',5.9069188921686955,-0.2623114831510209,-0.01812098083154186,0.020178629386240262,1.3502003982005972e-176,0.03467403377887283,1.97930173174764e-05,0.706750637502958
'ENSG00000160746',1.2487467813734312e-17,0.03044408610617975,-0.010173626277351059,0.0,1.0,0.734221910010078,0.0008615466994819954,nan
'ENSG00000215414',5.264735551392901,-0.1358657244848805,-0.0105388953081119,0.004169394352242103,1.548548363837101e-286,0.13105915178932276,0.000664073597151923,0.9102751440952204
'ENSG00000163006',6.125789415225395,-0.2778690389390898,-0.012990195855434988,0.005113783189798204,1.372865716760426e-284,0.008344425808203113,0.0003126686207171075,0.8463290792871605
'ENSG00000076685',-4.574143999846783e-17,-0.10621294673705058,-0.015049297726511913,0.0,1.0,0.3460685760010934,8.815842771521548e-05,nan
'ENSG00000092200',-6.873559947412168e-17,-0.16023526502890012,-0.016407653099837154,0.0,1.0,0.22695721795779966,0.00027944867830655617,nan
'ENSG00000254463',5.574649146226636,-0.02367298375203328,-0.01607229447676325,0.20517283654606355,1.0338094116543598e-79,0.8508833982046917,0.00017977788233187867,0.5167496069199442
'ENSG00000110876',7.855918188675806,-0.48901596956538884,-0.03089221787323194,0.33464428284753617,2.2797252915534513e-42,0.02124940561262578,1.9380320490856175e-05,0.5038964953075415
'ENSG00000146192',8.111764436881602,-0.5398425793242532,-0.026755763167115306,0.22330803516631448,8.626556197736804e-51,0.01679348471638915,0.0005044417770457858,0.5141128296817754
'ENSG00000196262',-2.6552379911710217e-16,-0.6232311592672783,-0.02149186306603288,0.0,1.0,0.0005525187861485498,0.0004684928016890158,nan
'ENSG00000173545',7.2259386069307805,-0.3882543420451263,-0.02417535457613347,0.15786154411471223,6.741732441183261e-106,0.01009831938102783,2.600417298443573e-06,0.5264099023330711
'ENSG00000237457',5.938550289380676,-0.26626464779703285,-0.014491707396663148,0.17464159279154276,8.81139862693567e-140,0.011285333090572504,5.1933717107466574e-05,0.5224380991187525
'ENSG00000278668',4.1416826231176085,0.14348156045197302,0.017509716677881825,0.17902605817625095,8.632787614560537e-59,0.20572531687441697,5.851358451411925e-06,0.5215153439027405
'ENSG00000105088',5.558766269901078,0.31090177040850275,-0.013952196074535687,0.24646341277869238,8.790092257941869e-74,0.012202385023713081,0.000962537851998035,0.5113074706670232
'ENSG00000175197',7.999301440565161,-0.5389311061274359,-0.021655790523666764,0.02424554016863104,4.377813715439707e-267,6.647811562469632e-05,2.743863731370524e-06,0.6832012258105009
'ENSG00000040633',-4.4757985208436124e-17,-0.10387734698937105,-0.015238582822861389,0.0,1.0,0.3738708862998815,0.00012745813547545748,nan
'ENSG00000178573',8.844753004897457,-0.3476163167614977,-0.02752069684698625,0.3698623167194451,1.545718586982952e-89,0.02696368356940133,2.72813881588144e-07,0.5018002499789822
'ENSG00000107679',8.65443489602193,-0.3042929747567931,0.0118172664949444,0.28610965437519853,3.789831911322935e-306,0.0006922423638585069,0.00010994099547921232,0.5071864797307271
'ENSG00000173559',6.747458792079265,-0.18734633595934133,-0.02552384065309552,0.12757340142505216,1.8994958800591522e-97,0.2245292473233722,1.2068715707956822e-06,0.5361043019458605
'ENSG00000223773',5.446395554471872,0.11225724945485906,-0.018221610897784263,0.016164545526848324,9.306935009262027e-152,0.36871899285674314,1.9998529293028515e-05,0.7359366095094271
'ENSG00000198937',6.499031914876413,-0.11787319688905319,-0.017375061169719663,0.04873199405929572,5.3823762110114674e-170,0.3654776589217906,9.291239011637159e-05,0.6049083915178222
'ENSG00000002834',5.803590746051356,-0.13513490219515242,-0.009544654682126286,0.022050503736861963,0.0,0.11827039958247837,0.0012496920593379663,0.6952541832433818
'ENSG00000170345',9.557502529291805,-1.1781594692188164,-0.0460964655780387,0.06257656082906253,1.1379187219002694e-96,1.958232463050003e-06,4.864298195805559e-08,0.5826184813858895
'ENSG00000086712',6.782157409551277e-17,0.15833969961846064,0.01386938140622435,0.0,1.0,0.14602423691895983,0.00018415401871933894,nan
'ENSG00000285900',4.277882172487047,-0.023134901836838116,0.013784098876647798,0.24881952173170246,1.683925404880854e-56,0.8322441500586074,0.00021183270688647905,0.5110500581761017
'ENSG00000111348',-2.3969450537964198e-17,-0.05447876525296459,-0.019516338167910503,0.0,1.0,0.6598455879920266,3.6434755316381824e-06,nan
'ENSG00000237166',4.396760403531936,0.18360116318479067,0.02771067387024608,0.04954253709844343,1.8560058304226422e-82,0.1485383290748421,1.6725877225038311e-10,0.6033975405730548
'ENSG00000232593',7.485664366284611,0.02832785163480085,0.011545318182976883,0.584213075646308,4.260295509911334e-229,0.6853584706087366,1.2439943709460187e-06,0.49435088555087736
'ENSG00000122432',4.395621561187365,0.03805575762895344,0.012730364079327856,0.0044854376217421795,1.3753973408705891e-170,0.6951169338780183,0.00014920026215105238,0.9217542692010221
'ENSG00000169313',-2.385663735889211e-16,-0.5591638166560707,-0.02713752294963535,0.0,1.0,0.014572168162820831,0.0004976809743898648,nan
'ENSG00000180211',-9.626488267119613e-17,-0.225749394719961,-0.009777078894694785,0.0,1.0,0.000943342960182199,2.5951770201284304e-05,nan
'ENSG00000183150',-4.1648338840641967e-17,-0.09657575097519497,-0.015013595552346319,0.0,1.0,0.4294656056147075,0.00030917594720128216,nan
'ENSG00000165637',7.824743481488758,-0.2678986804767724,-0.0184988623268515,0.2327486836308159,1.2130806362885617e-161,0.02446399288198057,5.1232073007626474e-06,0.5129035993280329
'ENSG00000111846',6.124357121602549,-0.0952517860688289,-0.013572119024728923,0.020333981443632982,2.917945832549285e-237,0.39029540543879626,0.00034370490896911245,0.7057519603791002
'ENSG00000231764',8.388013449887147,-0.7318818013133814,-0.027152015533243805,0.06685390256306394,3.79081125424136e-125,0.00010662862412786747,2.5075507590790322e-05,0.5772619380363448
'ENSG00000259891',6.021450232910442,0.4858080265480621,0.013784338440122557,0.22009862049513348,4.122394729733112e-99,4.6996305066103904e-05,0.0007002602355983442,0.5145474128399277
'ENSG00000122406',8.874943482202283,-0.12058739824955368,-0.010736410332266463,0.04678700544667775,0.0,0.20319319099872335,0.0009027222535011681,0.6088515046795331
'ENSG00000270689',4.3284668473626695,0.21651272388928378,0.015677555302676716,0.07376049362756308,1.087333913883276e-80,0.07167012002882117,0.0001314079192948886,0.5698363851328865
'ENSG00000087253',-2.197939203318057e-16,-0.5154490039043547,-0.022190684768502764,0.0,1.0,0.0004376429996418648,8.747825762629199e-06,nan
'ENSG00000156136',6.3984914465204605,-0.21113102446727264,-0.017135233088991862,1.0919571696721255,1.166161660858907e-57,0.02371999807151561,7.040311566464945e-08,0.4882680054279154
'ENSG00000226533',-3.9434846449293625e-17,-0.09381434755851757,0.00917634831753369,0.0,1.0,0.1828164380040349,0.0001297495084171493,nan
'ENSG00000118420',5.643126651790957,-0.19129080308010932,0.010220869745234624,0.14539898520500594,1.525961680566014e-197,0.028942385708722682,0.000616346256422936,0.5298140304948948
'ENSG00000180628',6.994989518211748,-0.17679695395296727,0.01116642629618826,0.502179302694013,2.281815529731913e-128,0.05665754159788564,0.00040867989004649,0.4963643971428603
'ENSG00000242574',7.416285491664569,-0.5363588090517711,-0.020611709275698577,0.06430838792513777,2.8990796791425126e-104,0.0035964162509133503,0.0010392350721746709,0.5803768838171224
'ENSG00000091592',7.059140682654256,-0.4848087986741619,-0.026590905293290966,0.041005832287142184,1.5007644070117653e-134,0.002778696430284082,1.545126305585867e-06,0.6221682578379535
'ENSG00000255717',7.731702641256399,-0.05712885501783331,-0.014783414449338882,0.014617446234676746,0.0,0.6266719475548177,0.00023464029021007121,0.7492354337764986
'ENSG00000185986',-2.413847607569631e-16,-0.5663359284024634,-0.021872484912446807,0.0,1.0,7.55264997231438e-05,7.131079265405391e-06,nan
'ENSG00000077420',-3.4564705361429565e-16,-0.8111261830609162,-0.029638113965430393,0.0,1.0,4.540359940514176e-05,1.2061894619181553e-05,nan
'ENSG00000146223',7.637371973203953,0.05960743098374659,-0.011696748372965476,0.07562132654556017,0.0,0.4664934843170684,2.795275367463149e-05,0.5679071384528963
'ENSG00000151665',-1.3659874554491072e-16,-0.31983728732559075,-0.01879073399543252,0.0,1.0,0.024240424489499524,0.00010103819979503802,nan
'ENSG00000150316',8.481852346573374,-0.23872993849820862,-0.01889282394599033,0.10278324328980369,0.0,0.0291195081121719,4.0940160882842105e-07,0.5477827273025428
'ENSG00000242258',7.002409749547589,-0.4631685442768873,-0.027909100785032226,0.051457890425053936,1.7309071111260439e-90,0.015956506279126734,2.090644840817055e-05,0.5998510107971657
'ENSG00000139679',-2.7852983670939595e-16,-0.6525417189403936,-0.03454876063106557,0.0,1.0,0.002305689077201364,2.1456589056539323e-06,nan
'ENSG00000233276',7.798761685563147,-0.5044521881207766,-0.02004145729166451,0.18449412309168706,4.995197830598733e-179,2.6497179859704486e-05,9.644452159107087e-07,0.5204527624363563
'ENSG00000197345',-9.814076669777416e-17,-0.22948020754176493,-0.01656002334463937,0.0,1.0,0.07926208204393828,0.0001995707499938915,nan
'ENSG00000107960',5.871488544814089,0.0019770495014697353,-0.013029640700971722,0.2582119964545054,9.66018717483158e-88,0.986661962475499,0.0012208331164700011,0.5100670760756767
'ENSG00000162384',8.320094962561637,-0.20657963227054665,-0.01549833444120843,0.10855793917031452,2.5568527446615317e-252,0.08863394298306235,0.00017904187492799104,0.5446071743632042
'ENSG00000162367',7.300279486362117,-0.5944307201529186,-0.02830721101556105,0.1441419270715435,1.772326909263613e-71,0.0017963829616641457,1.2881403367823866e-05,0.530214360030572
'ENSG00000231500',8.069374874981994,-0.430126154198399,-0.01687868037417247,0.12482437707073957,1.420577476445657e-147,0.004152893679943124,0.0009678132402978514,0.5372007405769592
'ENSG00000170606',7.354316254100625,-0.19787880280234266,-0.012096446431441268,0.043581457764028865,0.0,0.03204744850115476,0.00012358376725255058,0.6159159772076276
'ENSG00000067048',8.739348200624748,0.07017675134926876,-0.052777224992911445,0.015273072965247813,4.003432915093782e-79,0.8019767409595628,3.5386344534179026e-08,0.7434389917542427
'ENSG00000111639',8.025467394898588,-0.32606516264153174,-0.021732592272174556,0.09411089810250539,3.0081652906503634e-144,0.04078509139790393,6.367061395420408e-05,0.5531683208896909
'ENSG00000165502',8.039363215993149,-0.37409148862578134,-0.02412171577355081,0.15941187980652985,6.007991033901192e-135,0.011539686504928997,1.7597797445642195e-06,0.5260181771426924
'ENSG00000167613',7.1139250440865744,-0.3743477469621645,-0.024302099314483756,0.22628187178781686,1.4916996169857423e-51,0.055811203349095825,0.0002683562409708023,0.5137211472925842
'ENSG00000114374',9.433207057572757,0.06784804525171119,-0.061968183337336724,0.004389292064330745,2.2727069127743675e-83,0.8213685235585098,2.28681911791198e-09,0.9177924514146716
'ENSG00000163513',2.4775273957818684e-17,0.06069913904378139,-0.02312161322010658,0.0,1.0,0.7313872295264905,0.00012278399348119784,nan
'ENSG00000142733',4.435525697132229,0.381491611787002,0.0178286947182456,0.004277209910087804,4.310270011585299e-80,0.008285101314867257,0.00034151316740090997,0.9137155411211734
'ENSG00000132275',6.994896372980709,0.1515554419467651,-0.014013157001212676,0.23975125266676078,2.289906966986e-125,0.2068448102197621,0.0006131377482728718,0.5120668337100872
'ENSG00000012817',-5.1850494143608125e-17,-0.11564638744370137,-0.06393505107923798,0.0,1.0,0.7149551096075981,3.030141067080737e-09,nan
'ENSG00000073849',7.886596031685959,-0.300398085616176,-0.01829174613422064,0.4771655111913138,1.678873182646858e-70,0.03791406035938538,0.00020637110791289643,0.49704980363594986
'ENSG00000084754',8.586736603710047,-0.20891242274831107,-0.010682570894981244,0.2658420571166201,5.3693144581503396e-282,0.027655585242647843,0.0009487331627350967,0.50931500221597
'ENSG00000147684',8.921009031109946,-0.6658260534902516,-0.023946280154100965,0.004488334605038883,5.714458685373554e-256,3.3605296535285585e-05,1.599163561569745e-05,0.9218810062078664
'ENSG00000166863',-3.7711190595006215e-16,-0.8848098920717948,-0.03386036871513427,0.0,1.0,3.1797732515479006e-05,2.9277861396769805e-06,nan
'ENSG00000006611',-1.4389758439767573e-17,-0.030977496873848067,-0.028763720938585233,0.0,1.0,0.8353228126704815,1.4355391958602697e-08,nan
'ENSG00000124222',8.795458796703633,0.03504768922939883,0.011360450970050296,0.09978461302966776,0.0,0.6810113894064787,9.299966762524446e-05,0.5495236514438745
'ENSG00000234745',7.223481097618506,0.18952498619042468,-0.014684314054254468,0.15021585022094452,3.2821110115225727e-205,0.08248536052513765,7.89358814380361e-05,0.5284209897914144
'ENSG00000109475',-1.0308997376258441e-16,-0.241125664788397,-0.016676561220645224,0.0,1.0,0.08309066777351608,0.000431168797497372,nan
'ENSG00000196683',8.638926659805458,-0.435717004042244,-0.017026786957045435,0.008259361655326746,0.0,0.0007452736787710852,0.00012553987232236523,0.8538091889181142
'ENSG00000116001',8.37502034889368,0.007220207544419297,0.011658296723815607,1.2529616242759376,2.6042778794086108e-95,0.9352891028241512,0.00011817492681286984,0.4872048048518095
'ENSG00000130813',5.8346462484482595,0.11998654189658023,0.012518452292699638,0.05521124096534207,3.0698217345717286e-252,0.2039548340256676,0.00010271433868360852,0.5934081697336315
'ENSG00000132744',6.014838269549162,-0.24293970315338234,-0.02053743396376488,0.005906161204074712,1.750981309368695e-160,0.07777682304497492,1.3293089103479608e-05,0.8429411883791502
'ENSG00000178381',-1.2952837315144706e-16,-0.3033932907311455,-0.016724824269137847,0.0,1.0,0.008337583955584451,1.944494912835471e-05,nan
'ENSG00000092841',-2.1918657280267017e-16,-0.5146430819716082,-0.016029171777469445,0.0,1.0,6.576960376312641e-05,0.000261327546340329,nan
'ENSG00000003400',-5.165685891013786e-17,-0.12016981202628389,-0.014814555221804231,0.0,1.0,0.298992395149167,0.00016959055705616151,nan
'ENSG00000135679',7.436985737134543,-0.07462902615816527,0.012219461739309836,0.29613022200645217,5.063579238265369e-240,0.3866008558843459,3.1628795138066944e-05,0.5063532951962488
'ENSG00000260093',4.308406003746992,0.4246194969828157,0.015370757760096075,0.15888179041033412,5.741806193839325e-53,0.00092572594518629,0.0004345534891469521,0.5261515851753471
'ENSG00000139436',7.736934875073028,-0.2239206771334347,-0.017236917044625186,0.4725356503101549,7.992845486014064e-116,0.04283150391258816,4.706385039258292e-06,0.49717581757896134
'ENSG00000116774',6.537019124093031,-0.1846246767710163,-0.024674189616582617,0.030818594665361066,1.5718014771525897e-107,0.2838329782267067,2.7549803421930415e-05,0.6539315333972202
'ENSG00000134207',-8.283411047731818e-17,-0.193436917891639,-0.016464078664790646,0.0,1.0,0.17426007036824986,0.000683040217622884,nan
'ENSG00000106236',5.592637835745378,-0.12738072607082712,0.011866630116127033,0.14888117693051015,1.4612836488222791e-117,0.2566515166689375,0.0019310873989147642,0.5287915440383423
'ENSG00000107863',9.392913590139049,0.1241892214316224,0.009220907397847375,0.10151892373535179,0.0,0.11443473103935745,0.0005866586212339527,0.5485016632087877
'ENSG00000170961',5.823164679016832,0.11491789706979473,-0.022205686819059715,0.015092134737377767,2.4057050852222093e-140,0.4093852698305004,3.178222780940387e-06,0.7450138812067562
'ENSG00000224631',5.437321732586411,-0.05446357343629906,-0.008745899736902958,0.004158907879119368,0.0,0.4054939893072732,0.00010329873389418917,0.9099636291380855
'ENSG00000169508',-2.493296527769688e-16,-0.5849927277866842,-0.02242936513253987,0.0,1.0,0.00015431330987124119,2.034119263175457e-05,nan
'ENSG00000214135',7.076865186180445,-0.16838180275840445,-0.01755105856317087,0.04572812145126797,9.552816797357351e-300,0.11637759333531132,1.6300344389324357e-06,0.611103110008218
'ENSG00000171051',5.742619864611463,-0.26335766997118915,-0.01916443058370796,0.02443921287535586,1.375076856949341e-95,0.10655930435502459,0.0005903098285185964,0.682202902214927
'ENSG00000119950',7.512066619214788,0.43684221312894284,0.014086160861963157,0.03498950941818465,0.0,2.9163978334942598e-05,7.931326942581115e-05,0.6394153471334202
'ENSG00000229807',-1.1169212961216571e-17,-0.03505163510964293,0.08625419218098977,0.0,1.0,0.9255862675110185,1.476093295867076e-11,nan
'ENSG00000133657',6.630199849440468,-0.14055099220603046,0.013030621992380491,0.3464268863782761,2.2138724941868026e-152,0.12612264763390876,3.140279030517977e-05,0.5031540614194732
'ENSG00000146281',5.562236463419661,-0.062264692656424724,0.015278006163865628,0.41578950077244803,8.769141723564547e-64,0.5813521541191156,7.118457602187254e-05,0.4995513336064288
'ENSG00000067646',6.363372947774673,-0.16027625560040643,-0.026153787174582905,0.1682164045646011,4.2262649435820325e-62,0.35146867537270454,8.13596200890559e-06,0.523969843243894
'ENSG00000166794',7.615736955431859,-0.21955057476767814,-0.01670198702914538,0.10299787755427331,2.2923845284346856e-143,0.14134459374251268,0.001031511956435488,0.5476630394213626
'ENSG00000184898',5.853754459773905,0.3328114443577719,-0.016774457490784267,0.0847244621991426,5.4406138370899126e-142,0.005273806473474242,3.734810142428513e-05,0.5599025340839356
'ENSG00000228789',-3.329673392625638e-16,-0.7801929964512705,-0.04016968984488547,0.0,1.0,0.00024049358625928246,2.809118179523742e-08,nan
'ENSG00000164088',6.483016994214923,-0.13813004268677012,-0.015360863780891932,0.013599224201543164,3.9360014860546876e-202,0.2858283426052608,0.0005241613166018383,0.758735372728771
'ENSG00000105383',6.417883630413656,-0.30824774067917565,-0.022670045851561724,0.020910229919523404,9.421328877481895e-98,0.09010496035538992,0.000266729074358673,0.702119800416982
'ENSG00000198879',8.07500755921647,-0.06278473684909204,-0.01851481762299493,0.2070688398978899,7.979456399614936e-125,0.6644791520256953,0.0001741002077260349,0.5164519041368223
'ENSG00000166268',4.301081750939293,0.2838349710014326,0.013347011129357194,0.2597367033841106,1.4730248316441303e-44,0.020626548348188344,0.0013982499322441144,0.509913624257805
'ENSG00000175066',6.575020222680292,-0.1032621112766457,0.011869973081008916,0.4315699242749267,1.680917239808002e-95,0.33502430838647623,0.0011398930266434714,0.4988838394617712
'ENSG00000154237',7.335233765360961,-0.30501373082729677,-0.017669227789080953,0.01902359560828095,1.530072098312071e-188,0.04150294276072781,0.0005543180517113326,0.7144414873103413
'ENSG00000117450',-3.2800241882391007e-16,-0.7700728077408913,-0.024642006363760627,0.0,1.0,0.0001755517235856659,0.00042179325546735024,nan
'ENSG00000285184',4.690595919485937,-0.022332214260991638,0.01356994590649833,0.2861337948851655,3.1811357225559864e-64,0.8353538966143471,0.0002095513456670262,0.5071844054724111
'ENSG00000162639',2.997979003274521e-17,0.07261944180263948,-0.019784262290543465,0.0,1.0,0.5876135173509287,1.4301781301575322e-05,nan
'ENSG00000017427',-7.396861939036543e-17,-0.17248019066448467,-0.017205032302926804,0.0,1.0,0.2373268285230361,0.0005362218764272781,nan
'ENSG00000146072',6.907264236129108,-0.13216714640872027,-0.014842993272767703,0.018770552522127414,6.710108258117456e-281,0.2516431207552119,0.00016688459113332278,0.7162040630057551
'ENSG00000099715',-6.212541900901217e-17,-0.14310775636506537,-0.03177669619522715,0.0,1.0,0.37161975439843487,5.656759703423544e-09,nan
'ENSG00000156504',6.632583692545206,-0.011572655091150014,0.014943813360840167,0.36150774970347554,8.670547445723714e-92,0.9213848870058203,0.00018310709643783364,0.5022651586941365
'ENSG00000165028',-1.8928061523745724e-16,-0.4440606606649277,-0.01743467101487877,0.0,1.0,0.0017818933424086,0.0003148508564066273,nan
'ENSG00000132911',4.838691710688526,-0.028819285085166402,0.026055535721239014,0.038381872645968464,2.6657207267365607e-47,0.8800676533857993,6.470095495373307e-05,0.6291339713400017
'ENSG00000171914',8.66607400908584,0.30432510596121043,-0.011390656508778265,0.4020640642603111,9.580183478282752e-201,0.0021761619334919997,0.0007568237832943794,0.5001730646879743
'ENSG00000118308',7.775177217148182,-0.6293035177796312,-0.031574064119345976,0.03279530055567396,1.9714104747819513e-151,0.00024067605169235311,6.901643724880249e-08,0.6467688685544895
'ENSG00000250130',5.962460817211085,0.014705736477244949,-0.01888713076046961,0.1428446353879276,3.1854924113527095e-120,0.9020499655863526,3.522485400304992e-06,0.5306549030587491
'ENSG00000157005',-4.100858007060031e-16,-0.9628248779347665,-0.03041881320375659,0.0,1.0,8.616046130164843e-06,3.652185527590293e-05,nan
'ENSG00000146006',-8.629039184301361e-18,-0.01880185176630997,-0.015021975541193246,0.0,1.0,0.882589617588539,0.0005291507286259966,nan
'ENSG00000182108',6.977038050968123e-17,0.1659010681660014,-0.01543995593574713,0.0,1.0,0.1813124882321292,0.0002584149789014622,nan
'ENSG00000171608',6.6102844905380795,0.087989437125492,-0.017832441553690657,1.5586708314625614e-05,3.8209883291193664e-213,0.5151467243444684,9.253013490917226e-05,nan
'ENSG00000175161',9.416176130925724,-0.04511768789611015,0.008741834255792955,0.5823793438035245,6.444082097673523e-249,0.5931461619887354,0.0023691366300151576,0.4943916523796371
'ENSG00000144134',5.639911865031232,0.07544097247740145,0.008131834025610858,0.13400646947393008,2.7541893158369502e-278,0.31433187488265935,0.0014627914732012806,0.5337681629289994
'ENSG00000163531',9.124328543353686,0.19650245107813277,0.01563813419134767,0.008101277269512715,0.0,0.07183460645504375,3.037089518044498e-05,0.8521207903575464
'ENSG00000267199',5.668077849616029e-17,0.13210193673418325,0.013839179284502259,0.0,1.0,0.24855345318139688,0.00038484429777875696,nan
'ENSG00000125691',-1.8169748586616899e-16,-0.42646118106162806,-0.014853287332940189,0.0,1.0,0.0005832691948457228,0.00043458530807308855,nan
'ENSG00000148484',-3.366628338189103e-17,-0.07789915135617048,-0.013788553131086519,0.0,1.0,0.5146411569136273,0.0007051449223499307,nan
'ENSG00000081985',5.604159394215076,-0.29914941324396355,-0.01634596206572661,0.005487809661501628,4.356649661673878e-177,0.014431257236741742,9.380974742928212e-05,0.8442572946932752
'ENSG00000131002',-2.6568049065617744e-17,-0.05690131742881547,-0.05599672207002002,0.0,1.0,0.8310281679543413,6.941681689850409e-10,nan
'ENSG00000226252',-1.122251467575243e-16,-0.26251378491725963,-0.017946105249394058,0.0,1.0,0.03080269114049526,1.4505095272610236e-05,nan
'ENSG00000188352',7.386993760154019,-0.08760081681999762,-0.019668826851276557,0.25675717731621023,9.81992269382704e-124,0.48374590455563926,3.926098047179769e-06,0.5102150292331042
'ENSG00000185404',-5.092765883213072e-17,-0.11792888775872434,-0.019977448853514167,0.0,1.0,0.2459558873741865,7.809174370689184e-09,nan
'ENSG00000159713',6.8034377864673505,-0.39966378514856427,-0.015261637106764847,0.029321355338126957,5.4516775791718465e-189,0.0031085789172579613,0.0009505228541010642,0.6598517029950587
'ENSG00000175193',6.442761510686978,0.009209718394799301,-0.009284524583843625,0.08279204958651785,0.0,0.9137072774712117,0.0013584401111772333,0.5614755131219364
'ENSG00000166598',9.642019302612177,-0.04781003716224561,-0.01131462724108427,0.16242771370586934,0.0,0.5749715770455726,9.858825507177612e-05,0.5252696949533829
'ENSG00000102445',7.806048986559561,-0.42337944607941824,-0.022009313638680014,0.12756710516830128,1.9448158483626666e-133,0.005369626629679522,2.1777489575846258e-05,0.5361066350589745
'ENSG00000011600',6.512641039958123,-0.33401137788349866,-0.016631678581889082,0.31154884901556207,1.629883449313961e-86,0.007368200802475368,8.965102834306212e-05,0.5051717189303193
'ENSG00000124172',9.457125614800894,-0.5244443409644519,-0.020894032817446936,0.032471360576559624,2.5220745350659947e-269,0.0007713969830028161,8.770872984942305e-05,0.6477930212344752
'ENSG00000144455',6.633233099885551,-0.1777249678886545,-0.012340041949407028,0.0412439395094995,6.534996101276946e-295,0.0825742235864774,0.0004149938699732044,0.6215669484221991
'ENSG00000197498',7.225183255468289,0.016154958501646322,-0.01890934088164372,0.20721356849567907,2.2900961815104108e-127,0.8997014380483402,1.492627459119496e-05,0.5164294083556475
'ENSG00000100034',6.555043678845375,0.16755563554120206,-0.01386210798677815,0.007248330847782871,0.0,0.09198727502370423,4.802213370038942e-05,0.8454157093207435
'ENSG00000123329',6.826002218695778,-0.24523584151539704,-0.01995446740911727,0.021504553634399865,2.1885363224254374e-142,0.12423393132588284,0.00025357620545070987,0.6984870481220354
'ENSG00000143549',8.147318436134125,-0.23887780188252894,-0.01626258878487108,0.059539406276882784,5.287187065164018e-267,0.059930691877983285,0.00017418466789414358,0.5867868264546086
'ENSG00000163704',5.538808571981947,-0.04764091668387011,0.011054499029283342,0.0449381079410609,2.5245855625239546e-280,0.5838270853011498,0.00019636133801835898,0.6128346152120063
'ENSG00000152977',4.9782783989283175,0.13447933000464818,0.018844848310841652,0.0887183299623382,4.2548006105892194e-77,0.3278367029817195,5.795112263112625e-05,0.5568393434936364
'ENSG00000198019',5.4255704601375125,-0.0734217003588238,-0.013465274376625385,0.41045143916580173,5.225278753400807e-84,0.4446910873973897,3.868400787384199e-05,0.49978840822591364
'ENSG00000170260',3.3532274203868856e-18,0.009065409120067876,-0.011514653687359488,0.0,1.0,0.9284832934473946,0.0008132706836738843,nan
'ENSG00000134575',5.784122099511642,-0.014783940070684292,-0.010789171255383666,0.10849903231526274,2.9243879473965324e-235,0.8656582239021675,0.000292936246777286,0.5446386251454429
'ENSG00000219481',6.780717197250337,0.021223022658845552,-0.014387597504293718,0.008041171308854936,0.0,0.8453839628337547,0.00011847280526502078,0.851516156051446
'ENSG00000272316',5.182563104573881,0.09484015949056104,0.010734821840243568,0.01712695090368649,0.0,0.2505423182994514,0.00014344902769739947,0.7283619963758358
'ENSG00000107949',8.29080063827874,0.18010778924110277,-0.019592697423498864,0.029195076224820572,1.581872963258063e-253,0.20484539044161565,5.416543988239087e-05,0.6603682603823966
'ENSG00000133067',5.360439052204322,-0.08419838746547093,-0.01842170003501716,0.00498149896806936,6.847902062228346e-109,0.5744959540570027,0.00032945724092212986,0.8472718207183525
'ENSG00000073737',6.585926750037549,-0.18652385522438522,-0.02780242079763447,0.004119849267128946,7.936763462293732e-85,0.37159575157899194,0.00010770472642304677,0.908837540554077
'ENSG00000232591',7.150799583673506,-0.4721237293078301,-0.027840881982513405,0.029079739898730066,7.287659684168492e-90,0.0227994905656099,8.506561361898952e-05,0.6608425498227615
'ENSG00000100316',9.0267394953989,-0.37883608699580856,-0.022292385741591567,0.21941544147625314,1.6415168824774713e-95,0.03791234300607449,0.00033698092427556176,0.5146415705885181
'ENSG00000162174',8.592889752896549e-17,0.2034802499204044,-0.010702109847046955,0.0,1.0,0.022345903648145458,0.00041742535334828474,nan
'ENSG00000142687',7.669128372195478,0.06358734176001102,0.011158019341831076,0.16261575842031975,0.0,0.41210882159251483,2.4082880803938257e-05,0.525223625494059
'ENSG00000130755',-5.346697237926125e-17,-0.12420022516588232,-0.017113924294384627,0.0,1.0,0.32451455217266767,6.686697818075271e-05,nan
'ENSG00000129824',5.973859590743644e-17,0.14639897565417015,-0.05614678687229033,0.0,1.0,0.5783016948742287,3.819222842325979e-10,nan
'ENSG00000158089',-2.69309304772398e-16,-0.6323825435352217,-0.019172969367184996,0.0,1.0,5.845684517077076e-07,8.629718105685553e-06,nan
'ENSG00000161970',7.55293470716109,-0.3242618943934243,-0.013448227340803443,0.029882190016238718,0.0,0.00025510335966390723,9.015859285574997e-06,0.65759106237548
'ENSG00000176438',5.721731393713629,0.0858701655976611,0.015818519928433288,0.08569453696772307,5.065756444283165e-125,0.4891646141804795,0.00018683435354219393,0.5591360744187333
'ENSG00000172315',-6.780718019765351e-17,-0.15820164419814922,-0.014896794370064225,0.0,1.0,0.21268007450634752,0.0005678267119317277,nan
'ENSG00000177425',6.213148476725989,0.034462987172636794,-0.01794900614581764,0.130527069508258,2.2305972552371094e-143,0.7666719642391728,5.788002849085849e-06,0.5350889408045747
'ENSG00000273156',5.660789199653046,-0.270608469939475,0.0129992676996417,0.1573599062550013,3.499888228441382e-112,0.018518268976868084,0.0009014165422688858,0.5265376669364146
'ENSG00000099725',6.159415961460352,-0.07995354791416061,-0.025740334265346405,0.10482031563333269,5.794879791948502e-96,0.5880034573351522,3.128396164847331e-07,0.5466761951492531
'ENSG00000103740',1.656451029557912e-16,0.39239480761575407,-0.022070748112168498,0.0,1.0,0.004568229639725631,2.8005942096930487e-06,nan
'ENSG00000249738',6.809667899762298,-0.43357867810845646,-0.022258231455976607,0.4238676617815096,3.1098211517205064e-46,0.007503402341750817,5.585645966694693e-05,0.49920356191846027
'ENSG00000109184',7.241638472741293,0.036078979054845396,0.013039216794029652,0.5480375872642966,2.3509294463986323e-99,0.7332601713104683,0.0002988337890318764,0.4952830974233575
'ENSG00000137642',10.76538804745981,-0.4068912799384493,-0.017260749458698505,0.06865561910823453,0.0,0.00012834904163839628,1.9128678409409284e-06,0.5751634670402187
'ENSG00000196275',5.324260068421801,0.18898955116027366,0.00741035687722629,0.1242268526311641,2.666346107606612e-308,0.005667916969094358,0.0014616774609293645,0.5374325632221821
'ENSG00000136870',6.524503514240016,0.1470305662443833,0.016278174796883368,0.07376037644684764,4.07642993391604e-169,0.23704597126827986,0.00012406070880024246,0.569836510638589
'ENSG00000128242',4.955693025094318,0.0703423489385418,0.011370583288771234,0.0783418733459066,2.092756882943703e-178,0.4399921236445459,0.00025228070828846533,0.5653503805296609
'ENSG00000077549',7.390508982814834,-0.05142232138747538,-0.010821999291310157,0.4374072968420029,6.828709601454971e-134,0.6102807521375124,0.0016373536626927978,0.4986489459650255
'ENSG00000153551',6.399950996723739,-0.42583186920656674,-0.02244014186136443,0.030631562505535063,1.0443354720788085e-127,0.005879257111763031,2.148253228231981e-05,0.6546514873145897
'ENSG00000223749',-9.392159781512792e-17,-0.21933137821238033,-0.018642194979713905,0.0,1.0,0.08893458276218688,2.172916267107061e-05,nan
'ENSG00000212127',4.917056638248647,0.1313440396045568,0.012808264389785013,0.2550200172384861,3.640572380932775e-64,0.2604297482582246,0.001276366404010553,0.5103937026275853
'ENSG00000225937',6.312228145869945e-17,0.1468882541489345,0.01764570138443054,0.0,1.0,0.317414881215769,0.00041958320240498227,nan
'ENSG00000161960',-1.4285868309665345e-16,-0.3349411693142097,-0.01524601080340487,0.0,1.0,0.005386695573637826,0.00019886524910238317,nan
'ENSG00000228058',-1.642262955234924e-16,-0.3845062289913006,-0.022780739486328295,0.0,1.0,0.011144274419806637,1.0028933013856678e-05,nan
'ENSG00000273507',6.699247606552954e-17,0.15483801238289938,0.029148001977845835,0.0,1.0,0.1985835752684384,1.1785585783635867e-12,nan
'ENSG00000205629',-1.3107315836964628e-16,-0.30656495943826256,-0.021330471580456225,0.0,1.0,0.012798912857467853,3.637963783283859e-07,nan
'ENSG00000260314',-2.2637879349750067e-16,-0.5308948875578444,-0.022822065760573742,0.0,1.0,0.002907327271659227,0.00017053731439339718,nan
'ENSG00000206769',5.620200177197756,0.37660064392696707,0.02169901176821174,0.019362841569072493,1.378721381851321e-138,0.004905764285364827,2.138305737218277e-06,0.7121363485105026
'ENSG00000198951',6.627563940792593,0.052531339915983924,-0.019862477585612742,0.16699176049877298,3.4355760508674154e-89,0.7245306436903469,9.226145796844845e-05,0.5243131702080233
'ENSG00000105366',6.848487714000338,-0.4074409094402139,-0.02022583544513328,0.3024380611794199,2.4750418827696644e-58,0.011903952703154528,0.00024745127333045884,0.5058559505012141
'ENSG00000244398',5.730469746161379,-0.1530684616964434,-0.010649671433508059,1.3257505251413844e-05,0.0,0.03846346564505589,1.7742832537449916e-05,nan
'ENSG00000227309',5.48445696179776,-0.16962507334889865,-0.009601766767518253,0.2187491014417352,1.6928284226811594e-206,0.023802987660508406,0.00017320593330567347,0.5147339786679226
'ENSG00000122741',6.552199407229229,-0.08252543628459355,0.009920429922551524,0.09347895964317085,0.0,0.32708882563293595,0.0005504385635398197,0.5536083094206298
'ENSG00000197054',4.527692633515689,0.03376348070334909,0.015014041471316896,0.028547945782156033,8.575195044462529e-108,0.7781025998561614,0.00024493492913863494,0.6630625267737618
'ENSG00000127184',10.080372331344005,-0.5112391498495905,-0.02454379119570189,0.040404259426717826,4.7773880987828955e-269,0.0017398202618761525,1.06741517239904e-05,0.6237095931981853
'ENSG00000104043',-2.5146974975861317e-16,-0.5900062425242513,-0.02269797852245442,0.0,1.0,0.0006216912193875136,0.00011044293128188292,nan
'ENSG00000147604',7.32166777473172,-0.41314921519174036,-0.018518740401297275,1.5599138531236413e-05,4.48622748479933e-249,0.0028388711822846134,7.334253927135356e-05,nan
'ENSG00000112081',-7.184315792911915e-17,-0.16813304571613893,-0.010703049630376216,0.0,1.0,0.05551623430937945,0.00034358687913627663,nan
'ENSG00000257467',4.791039696271859,0.02581213426953542,0.008767548000252355,0.8478177244918006,3.128301419809228e-59,0.7366016238714297,0.0007940041068438905,0.49044622054826303
'ENSG00000236264',5.427298589997663,-0.06870604760649317,-0.013023155447724503,0.12342636289380957,3.6329283411146664e-185,0.4460728034666248,2.2797598210115343e-05,0.5922957246967004
'ENSG00000172349',5.72732256363127,-0.231669444807366,-0.014062745728034823,0.29310992462514973,1.4324521194373381e-72,0.05816293780147031,0.0007362359764316672,0.5065986853697382
'ENSG00000104419',7.501120390213002,0.2034265610536897,0.017164338992118982,0.05723390415484566,4.897139168952108e-205,0.12963242638570807,0.000178497335477632,0.5902021862491831
'ENSG00000177954',7.93415967503309,-0.2972517267680277,-0.015890045824064433,0.7314068273330114,8.545491328576809e-104,0.003337693720771257,4.091599128673598e-06,0.4919083673453497
'ENSG00000107099',8.953027331376683,-0.7953747859805709,-0.038368957187859175,0.12369705933298271,1.7095978696696983e-82,0.0003899603500445374,5.234317452856373e-07,0.5930561769027529
'ENSG00000168959',5.73017231205836,-0.0925100327015504,-0.017663028690272115,0.004278391907633258,3.3298446074785328e-155,0.48764551556781266,0.00011981686530052292,0.91375576191451
'ENSG00000164405',9.34967157274774,-0.3335540982054413,-0.023472382634702763,0.022646893930884447,2.312196677973467e-258,0.03855887579659079,2.0548351051649075e-05,0.691838561618275
'ENSG00000112851',8.333863435117886,0.2811987336813135,0.017874449580211373,0.038426762523852534,1.1823462487137979e-282,0.03349980639262627,7.566088630765896e-05,0.6290093495079312
'ENSG00000189043',11.091883238780712,-0.9538502474285662,-0.03306729930958334,0.07506403471318636,3.0917286967773463e-122,0.0001244343597906882,9.612585172256242e-05,0.5684774279023368
'ENSG00000163938',7.711278374079606,-0.39275833745274424,-0.01838201414870668,0.41113286495391094,3.5576568369287735e-103,0.0013900631261764696,1.1206522893497685e-05,0.49975781515798523
'ENSG00000106028',8.603629510796655,-0.3910365701998294,-0.021429455748746763,0.029367063860322316,6.590640205472249e-288,0.004664051293991092,5.669292867410029e-06,0.659665424226457
'ENSG00000176170',6.984930173019354e-18,0.017776519523618493,-0.013064022266305523,0.0,1.0,0.8795215096565527,0.0010693349357026437,nan
'ENSG00000228486',5.642774046500168,0.13157659589768353,0.015228567503817675,0.11381905341720844,4.803804034898581e-120,0.26780967195712857,0.0001684485497169329,0.5420294968043253
'ENSG00000112343',7.050178773142276,-0.4255625632252769,-0.02363206758208181,0.12191903324857402,2.3938563351296352e-96,0.00930915204483318,2.2716128908982725e-05,0.5385292576703171
'ENSG00000171631',6.588029662522005,-0.21662968830953952,-0.024135374807282478,0.006158069817319047,4.1394303850539913e-193,0.11449512101621082,2.820827702304472e-07,0.8426401252638769
'ENSG00000213185',6.103787000406799,-0.3597414792181005,-0.014697660875113408,0.16073547061669663,4.494235203222768e-143,0.0009594167820742892,7.531778972516385e-05,0.5256874697953711
'ENSG00000141401',5.879577000528848,0.19274624571774007,-0.018400426830867202,0.07170312696774207,9.12717190937976e-195,0.06580481687492092,2.619157590560984e-07,0.5718787218825319
'ENSG00000149743',-1.047150076769785e-16,-0.2451036793874478,-0.015192545275919052,0.0,1.0,0.040056771505262816,0.00018569636860925787,nan
'ENSG00000134255',6.881923070211245,-0.18437173819798014,-0.02094607933969281,0.03717193548714621,6.294510850087025e-266,0.1026370920202205,5.6317984928683704e-08,0.6327924015251356
'ENSG00000206077',-1.7944822548974117e-17,-0.04418559073450851,0.018926931275800862,0.0,1.0,0.7473313843128373,5.0570263347433214e-05,nan
'ENSG00000245864',4.2275732583541674e-17,0.10124248289112595,-0.01644418025355545,0.0,1.0,0.3499790735754318,8.252336970832382e-06,nan
'ENSG00000163131',6.0796103225983895,-0.19577679607254295,-0.014898189324638267,0.02859378691737917,5.930001977191683e-195,0.10025572969514797,0.0002515284887047036,0.6628690944958507
'ENSG00000243954',4.53302479100971,0.23762931938317194,0.017230824092050033,0.15402072769313144,1.8977347189355974e-64,0.05297134627362476,3.8326858557246075e-05,0.5274015222442319
'ENSG00000163798',8.283990430581632,-0.3127946720968878,-0.017354586676184443,0.005234907232113049,0.0,0.014169971465301034,6.9584774409997e-05,0.8455631643215682
'ENSG00000172830',-1.5971908551622884e-18,-0.005334101236940183,0.015508092318043204,0.0,1.0,0.9610640851576683,3.0657492430020156e-05,nan
'ENSG00000196189',-1.0067957766050746e-16,-0.23564022259117168,-0.014782963569323408,0.0,1.0,0.05200609170187772,0.00034334346905433923,nan
'ENSG00000168329',9.123904961570513,-1.0737228727144956,-0.04015476773245087,0.04445459939970063,2.6107199814321578e-87,3.400879353606363e-05,5.605596733115611e-06,0.6139168686649341
'ENSG00000067369',7.645955217159915,0.3215033003004373,-0.012275434775676278,0.1985219096833673,0.0,9.90595590124135e-05,1.2878345464771577e-05,0.5178398909759325
'ENSG00000171115',-7.587298771846451e-17,-0.1762447492825465,-0.02431691528497966,0.0,1.0,0.2701194384650505,7.867519101990122e-06,nan
'ENSG00000091490',7.628004832782993,-0.1396596862508882,-0.017791085762476434,0.0040064023380954345,2.9027205886886033e-292,0.2801417902262032,6.216814282039004e-05,0.9058580818239386
'ENSG00000160766',6.122183988116033,-0.03258844645551945,-0.01308985003000973,0.17466505916415545,2.858494602093911e-140,0.76314844268659,0.0003822380365469316,0.522433003171721
'ENSG00000240184',6.570297135512142,-0.07887636458699146,-0.029786941284998397,0.019081690491475508,2.0608070008978552e-150,0.5995861137304028,6.733503336172851e-09,0.7140432134094418
'ENSG00000089289',-2.890763823683519e-17,-0.06662781133710023,-0.014409179429682195,0.0,1.0,0.5247811140953733,5.354201458751024e-05,nan
'ENSG00000182890',5.4754469759359115,-0.08121585122368771,-0.01352513903775927,0.031326731676857365,0.0,0.2420839148723294,1.178715115690096e-08,0.6520020568447082
'ENSG00000164258',8.270147432279682,-0.6660344481428382,-0.021092002414964485,0.018376468367074145,1.5931292472419362e-213,2.6991231453952866e-05,0.00010164665313222969,0.7190016199853249
'ENSG00000118508',6.122783440755771,-0.5282926759528405,-0.019103922023460403,0.057183087379624464,2.7992468227764763e-125,0.00017219615319487527,6.855770244180954e-05,0.5902801343621302
'ENSG00000169189',6.732503432369006,-0.13664277771920041,-0.012399721806066686,0.1807785553076509,1.2501458703035176e-146,0.23585723780471524,0.0015953058712093317,0.5211639698682566
'ENSG00000114942',7.558809560677111,-0.30801048078198656,-0.021473839726164207,0.004424492254175647,3.8561426116857686e-196,0.04804063864971842,6.557035563786961e-05,0.9191896577017354
'ENSG00000229240',6.0797951955210445,-0.19213404263766654,-0.019643011343273876,0.05268355593460365,9.246535386301265e-98,0.2297683012029509,0.0003208971735244022,0.5976093678888373
'ENSG00000196083',7.689432785213721,-0.011638218105723531,-0.015495065352356297,0.10243761532250818,8.219890293537892e-162,0.934630634089924,0.0013603581246574847,0.5479769475261494
'ENSG00000171469',6.830064689010101,-0.1117833551063715,-0.017176040808590937,0.21831119573529909,1.89608780939909e-120,0.3629618717128188,4.084002411125549e-05,0.5147950174640412
'ENSG00000144218',7.245854976774937,0.16215475762641632,-0.017484024528307107,0.11252285834600217,2.4530088503177998e-154,0.228038283881137,0.00013752845142322493,0.5426291684491746
'ENSG00000196724',6.7565440445753575,0.043169841829902855,-0.016497804143187526,0.12105040082336731,1.4260782992671455e-115,0.7629548832168449,0.0007243033831640194,0.5856196748383082
'ENSG00000142192',9.072686615034193,-0.04648334053749183,0.00819691987311912,0.0355538821734789,0.0,0.5335665280225321,0.0013061234092672184,0.637594268227379
'ENSG00000197629',-1.7566399562900463e-16,-0.4116887070154587,-0.020390268635344787,0.0,1.0,0.0036577835279107515,2.36226794255853e-05,nan
'ENSG00000143079',7.832957615215225,0.01426172490091041,-0.012183086094591282,0.5203357486630045,5.443066975765488e-110,0.8976573852382195,0.0012551354543167746,0.4957848927522859
'ENSG00000181610',7.431827605912405,-0.17775340147213198,-0.018927379034145392,0.044517513266178664,3.403257371701164e-219,0.1788575371727532,2.751035446267406e-05,0.6137750609725516
'ENSG00000215612',2.7051328649304973e-17,0.06214509798994544,0.01549818320355235,0.0,1.0,0.5871559775196747,6.981594606300765e-05,nan
'ENSG00000154678',7.72036650572254,0.1004202787924862,0.01693082871212242,0.03149238577797129,1.3542392501073538e-204,0.49332987576468146,0.0007222826160584523,0.6513812601911319
'ENSG00000012048',5.532953429836119,0.33728112116617126,0.015544395102085313,0.03637112307905221,8.868000346519844e-166,0.0035027013672697446,8.134150743104695e-05,0.6350884112621288
'ENSG00000174606',6.69567204784529,0.034308251166381816,0.009889782347610397,0.16323183250020035,9.915904265596463e-261,0.6963276487020594,0.0009624297216798407,0.5250731957831165
'ENSG00000186818',6.230094517130828,-0.3136575458129231,-0.01712339647006744,0.24742520462962694,6.180837788560154e-65,0.03441959987144264,0.0007007560555205522,0.5112018396049696
'ENSG00000136404',6.177283955609684,-0.31285455507411486,-0.021299954274031967,0.298744609313356,4.731941287088091e-76,0.014512104045822679,1.0335164066754825e-06,0.5061447214374909
'ENSG00000128581',7.070001322912186,-0.16050329184050774,-0.022831968365936827,0.004009453662743609,1.841547510651923e-160,0.3224967494045573,4.200161217760481e-05,0.9059327822423203
'ENSG00000150991',-3.1496486155401157e-16,-0.7397471103227369,-0.020866609659799234,0.0,1.0,7.015305793266543e-07,3.957664827105201e-05,nan
'ENSG00000271533',6.39691044804272,0.0010884691785633422,0.011026366453350929,1.0765277890053024,1.7888524605738162e-65,0.9901257830135577,0.00023183589187679475,0.4884288430391355
'ENSG00000130035',-7.089116645584847e-17,-0.16547540933080182,-0.01480011459374202,0.0,1.0,0.20411865514887706,0.0008504181243718124,nan
'ENSG00000112799',6.5589549623679995,-0.6688634567446445,-0.019967053988731543,0.01827261189219536,8.129190964231167e-116,9.716907984347217e-05,0.0006690835439357988,0.7197484914959131
'ENSG00000114315',7.317517318835018,-0.13297980429944695,-0.019402346717301747,0.04471620435590604,1.341480083599575e-152,0.3948647717418582,0.00027629080194694293,0.6133291538531798
'ENSG00000227502',-3.46232040110363e-16,-0.8119548611139721,-0.035055596281792736,0.0,1.0,0.0003300314207694094,5.292151613124481e-06,nan
'ENSG00000140443',6.646669423991234,0.13988787085236104,0.011247574268814692,0.22050161166395246,1.9910911622376723e-159,0.1762247823185702,0.001414623408077733,0.5144921468717155
'ENSG00000241859',5.714340539005432,-0.083176099163612,-0.01834333905247697,0.004238763416676658,3.81732646975469e-168,0.5148606942347898,3.0300187003402704e-05,0.9124376408086738
'ENSG00000189180',6.558057830316171,0.15171759588414466,0.015598531286737367,0.06946618322789469,1.4678941719548724e-176,0.21875478614210453,0.0002099018108832165,0.5742881094284431
'ENSG00000101336',6.16772943336355,-0.365495376209135,-0.01834411430781944,0.06625294673137293,2.0990842423512107e-118,0.01060290644090871,0.00017005791649114176,0.577987150949623
'ENSG00000232442',5.471048536078625,0.28862760733737136,0.015204104953019867,0.0045309233826062514,1.2503340525985469e-174,0.015552070685198595,0.0002308922884984728,0.9237977910816275
'ENSG00000120907',-4.492641670621774e-17,-0.10461245371718184,-0.011900562842255673,0.0,1.0,0.265230405089557,0.00019738327631671683,nan
'ENSG00000287299',5.13269003488386,-0.016162539527286843,0.016143274546421574,0.0051874799999238165,3.731341439549082e-131,0.901465589829847,0.0003009308307741386,0.8458520877528449
'ENSG00000082074',8.03417415645856,-0.2495416723702819,-0.02528972271809286,0.004478570147727595,3.313761851260964e-140,0.20307410857898767,0.00019001562920556772,0.9214556335638878
'ENSG00000139793',8.496353202085343,-0.18718054322841896,0.012231890989350324,0.3594451337782172,1.8469524746524484e-197,0.06651870998760818,0.00043125248027665376,0.5023828785585982
'ENSG00000169896',7.474652644376972,-0.482370561858141,-0.026725273801361065,0.04622953599567666,5.70359209066833e-81,0.02811317127346934,0.00036541102667664765,0.6100272148890233
'ENSG00000182117',7.698554438526608,-0.44536120483076874,-0.025112107452857666,0.2467480147166821,9.126874716214148e-81,0.00660432693060771,6.945256339987254e-06,0.5112761334223865
'ENSG00000272182',5.056922807718903,-0.004139645170415992,0.012685764120012523,0.18123680124510125,8.068742195975599e-86,0.970943005868305,0.0010538131640675957,0.5210737806139718
'ENSG00000092199',8.507524248592652,-0.1391387459440235,-0.016603116115380494,0.06224942133489555,2.6839691637548784e-280,0.279429502403148,0.00015494991502782736,0.5830490464815088
'ENSG00000130724',8.367032600153152,-0.3911160861794178,-0.018882853499847304,0.012951897791361331,2.458982839249518e-248,0.009491596323006878,0.00025352639571914973,0.7652115558540695
'ENSG00000116288',9.455729438072785,-0.7137440510092065,-0.0301326646504348,0.0519646056569838,1.7297959962988036e-143,0.0004992877753146889,1.659324231026857e-05,0.5988886519940714
'ENSG00000106635',1.562400698775002e-17,0.03554040790174208,0.012430190705039064,0.0,1.0,0.7229598746845571,0.000271044876647081,nan
'ENSG00000157303',6.013987646065088,-0.3725793684626798,-0.020030769587937227,0.020810816032053096,2.340452890417441e-115,0.017409099477600047,0.00018467153571747718,0.7027384245261384
'ENSG00000111145',5.622059800049458,-0.0896486288291463,-0.010612911208450626,0.026814094214829987,4.192556287334491e-299,0.31455418210007313,0.0004937199901898687,0.6706833449811451
'ENSG00000109220',6.256099306170761,-0.42365806160141134,-0.016617122862715536,0.24269151008827683,2.0937894450907573e-105,0.0002889886892163498,3.0022628110278732e-05,0.5117293058428927
'ENSG00000229236',1.558136975258438e-17,0.04042458781585764,-0.036740588878235454,0.0,1.0,0.7852347904443607,3.489012415122518e-13,nan
'ENSG00000003987',6.16239661129145,-0.037707287887707684,0.015393594848834053,0.004459409141075917,1.32320490388295e-214,0.7558771216503705,0.00023938526640904446,0.9206356026383775
'ENSG00000183160',5.982342257549558,-0.24570013255270443,-0.016721731148940943,0.16634329391401545,8.223161801510787e-91,0.0655927018829167,0.0002359580422441064,0.5245027079788858
'ENSG00000152291',9.116298595727407,-0.19716833493114855,-0.011619819291158252,0.18860036242965708,2.316617039690345e-292,0.07033111209504192,0.001747850158801409,0.5197185101363759
'ENSG00000229117',6.857600927510578,-0.6433705978278168,-0.016703130347443668,0.011600055974363506,6.674333973729332e-271,5.9342266044383026e-08,3.944892442892931e-05,0.7795848724256461
'ENSG00000274031',4.744987087996977,0.22309444957865315,0.014566446410149616,0.12409897007832194,5.4684718851043736e-120,0.023003421300619477,1.333270660235123e-05,0.5374925689478097
'ENSG00000158828',6.821313966308388,-0.04742473892937605,-0.015217642559688483,0.46865213833337416,4.986885621914635e-54,0.74278697283587,0.0019903431657279126,0.49779450417920923
'ENSG00000166923',5.779194286703319,0.32896150676258207,0.03607150234591485,0.0807410584056454,1.0425776381714027e-72,0.04881090158451432,2.3771786432273557e-10,0.5632157927658664
'ENSG00000119535',8.354591388531507,-0.7675473347785151,-0.02647353740119351,0.14333525230006075,3.015526491073957e-74,0.0003341202739348606,0.00028308999352042255,0.5304844615158227
'ENSG00000128815',6.7221315340690335,-0.3923803988960522,-0.022989054652571735,0.3465620707924304,7.780388125286021e-59,0.009572190960366706,8.337710892034627e-06,0.5031457952479043
'ENSG00000232884',6.776663187433809,-0.27269124633852027,-0.02363453849188884,0.0043450056900445795,7.21907858835137e-153,0.08570597925065988,1.5652407029699952e-05,0.9161162656349846
'ENSG00000236963',-2.962169369383369e-16,-0.6948191039309802,-0.028457266717393397,0.0,1.0,0.001482808831575717,0.0001319442580913418,nan
'ENSG00000187231',7.281908554268597,-0.0006721268416519454,0.01004716006324419,0.009015406314421432,0.0,0.9937808176499817,0.0007177585582055641,0.863940544197281
'ENSG00000186432',4.9882499643301585e-18,0.01063694555544635,0.010972177624055406,0.0,1.0,0.889774248730144,2.68506756145511e-05,nan
'ENSG00000255197',1.4871181672662599e-16,0.35198441725455987,-0.01688161193598622,0.0,1.0,0.006516120901642419,0.00012694973217027998,nan
'ENSG00000175110',6.682760747063804,-0.30509099253540084,-0.021348458733717275,0.004398158968673448,3.256170906910121e-161,0.04498563841384063,4.8101822506979876e-05,0.9181388548989207
'ENSG00000231767',-1.6089841803154961e-16,-0.37770200450324687,-0.012578879126929288,0.0,1.0,3.077528139595582e-05,4.5719849589175406e-05,nan
'ENSG00000180448',6.028342830004644,-0.42272546156480695,-0.014823690136509164,0.05376904130047494,1.1806400961411936e-151,0.0008404259331008585,0.0006007835417612877,0.5958516904331098
'ENSG00000251442',5.555698989410034e-17,0.13260545496066614,-0.01723870303490673,0.0,1.0,0.36626058629055314,0.0005613305819165209,nan
'ENSG00000266028',9.230493885463668,-0.5551079431531184,-0.025500309953593356,0.04770355935810738,4.320095209186784e-216,0.0007251807986707287,5.3939158167105886e-06,0.6069565740981734
'ENSG00000071794',8.113000094396101,-0.018700465918089514,-0.023891694379969047,0.2235675440142014,6.855802459964242e-120,0.8976127302235406,1.3990441616503657e-06,0.5140782361432652
'ENSG00000110921',9.788508390673174e-17,0.22926017058836495,0.012789865191668831,0.0,1.0,0.038712840373843815,0.0007063562257761755,nan
'ENSG00000249484',4.5192212075921745,0.02909587227490983,0.02076676160334523,0.10823046863153434,2.7853902390268676e-41,0.8610657004356265,0.0002482182012768082,0.5447830334420742
'ENSG00000213366',-2.235435341379604e-17,-0.05118154697390232,-0.014515500272653678,0.0,1.0,0.6114417814208162,2.3209051454994848e-05,nan
'ENSG00000166535',9.194880385095343e-17,0.2182998197735461,-0.017019287392510067,0.0,1.0,0.12435736082406386,0.00043355578760989876,nan
'ENSG00000104312',6.16049150018103,-0.11290531110347213,-0.014845357803413556,0.04094804354278792,2.7841278979389984e-202,0.32653065426460814,0.00015782274852354583,0.622314939505621
'ENSG00000256211',-1.5514099448550066e-16,-0.36422523357897024,-0.011748696889849596,0.0,1.0,8.778546376748053e-05,0.00020264976065725577,nan
'ENSG00000186468',-1.3065404334879732e-16,-0.3058605289864155,-0.018541323059409684,0.0,1.0,0.017144267437696023,2.197829783904316e-05,nan
'ENSG00000232533',-7.340978243192153e-18,-0.018685326007103976,0.013756289214034472,0.0,1.0,0.8615503405094079,0.00016261912515763615,nan
'ENSG00000119977',7.417627505862504,-0.10531825834658717,-0.018011875679599262,0.15479897873406245,5.3632638842463986e-158,0.4070604391882636,3.1752504712175486e-05,0.5271979913767254
'ENSG00000132300',8.171000646953024,0.03308393623639451,0.011774527615914264,0.024168618539167838,0.0,0.6736607469041562,1.159634021410061e-05,0.6835999357353449
'ENSG00000140968',6.737485480184112,-0.36241039311271256,-0.019781681385817106,0.17443819544934722,5.7649003260587865e-61,0.04671507008416584,0.0014439187644959333,0.5224823347425618
'ENSG00000051108',8.37858876708193,-0.40173576816812157,-0.01834051830260132,0.09305587648199509,1.9521180835281738e-182,0.006651867537795238,0.000279673107442139,0.5539074259012797
'ENSG00000154889',6.489912701199775,-0.4313370110275844,-0.017905243768786338,0.0819466098386364,2.793080768314929e-173,0.0003330897752783577,1.2569977668598437e-05,0.5621837892490653
'ENSG00000138449',6.3792821876940415,-0.396552683639108,-0.01959385500366713,0.012567257197591148,1.3324887509899588e-143,0.008990777238456364,0.00016262546818111528,0.769204065849071
'ENSG00000042980',9.427045020737946,-0.7920918158760955,-0.040793087452763124,0.011661750250834754,1.6964903998869207e-86,0.0064931203715282455,4.233455155744635e-05,0.7788981460071118
'ENSG00000163563',-1.6615436315714985e-16,-0.3887451091701147,-0.025764312270639425,0.0,1.0,0.028506448633828948,2.014019334808282e-05,nan
'ENSG00000143390',6.985012656258145,-0.43358415623374646,-0.01969967154642877,0.08553301800665665,2.4577117625914273e-118,0.005418906193387686,0.00021120916854596412,0.5592626457864595
'ENSG00000138356',-7.232442036721179e-18,-0.018607586069872045,0.01551123008023569,0.0,1.0,0.8667522761966937,3.9939360107992496e-05,nan
'ENSG00000280560',6.2995708272595445,-0.4099076933840867,-0.023463756898462692,0.004377184360411004,2.7653717717672054e-170,0.0033186748065082675,1.1038356434748318e-06,0.9173253449931867
'ENSG00000285517',4.434690091763983,-0.17341793420861668,0.012257549592021907,0.5224246380910665,3.803675393648915e-40,0.09961631628554843,0.0006321173397611985,0.49574664970720683
'ENSG00000124766',1.0851175404030533e-16,0.2573073154734416,-0.016974188373000573,0.0,1.0,0.02935239743908648,2.4295027158531402e-05,nan
'ENSG00000266074',5.667972492734233,0.222220629571252,0.013198362317393799,0.007562289534480299,1.311324985861151e-214,0.0459113719446698,0.0005494174154341468,0.8474187860562638
'ENSG00000280339',2.2621694624398783e-17,0.05141554305794272,0.018418838351755062,0.0,1.0,0.699581658294965,4.906758970780769e-05,nan
'ENSG00000173846',-1.1094348946299404e-16,-0.25979242312154,-0.015012097887517433,0.0,1.0,0.04251349197171314,0.0005761998909252136,nan
'ENSG00000131724',6.571595156309452,-0.29251791482482176,-0.017839130497230165,0.052404445133211554,6.18403124975427e-136,0.04558486851142754,0.00035344034000070484,0.5980996030281853
'ENSG00000214717',6.120076790790089e-17,0.14565298600508214,-0.014814795415230468,0.0,1.0,0.15120637117413357,1.8059541923554504e-05,nan
'ENSG00000165246',3.2008566184686897e-17,0.08004378355469331,-0.045883820859096494,0.0,1.0,0.759757881746695,2.627501871840936e-07,nan
'ENSG00000272864',3.8471985689267783,0.008644121558513889,0.019895843065569876,0.012461821869010787,3.745543416165632e-92,0.9399532958204192,4.082542542239696e-07,0.7702784647741909
'ENSG00000094975',6.830731710378856,0.3084329958549278,0.010188158592660979,0.004322701675408572,0.0,0.00018718337420459995,0.0003440674702633269,0.9153050058365819
'ENSG00000123338',6.995394776709844,-0.12803158622578714,-0.02270685116241973,0.07327315770267746,3.7607669565897566e-92,0.48101680776205535,0.00024828367266259145,0.5700703618200766
'ENSG00000158321',7.45487026836003,0.20863911733110507,0.010940784223578123,0.007990470890866292,0.0,0.024630012323368748,0.0006004599360717006,0.8510219808321884
'ENSG00000146054',9.11607304273973e-17,0.21339830245638422,0.013021187416362278,0.0,1.0,0.06467793666778267,0.0009300801025979672,nan
'ENSG00000223865',6.319971447741952,-0.2599555341286806,-0.01985550663842749,0.0042738235617607225,4.1183846899170755e-178,0.057983734684865715,2.6296321062904175e-05,0.9136006233596292
'ENSG00000100055',7.524675554770848,-0.6625076162972127,-0.025657319827222837,0.007379836027007119,5.961850114837463e-144,0.0002524060613583148,3.593495391075365e-05,0.8461894035508906
'ENSG00000269489',4.43627257173906,0.059407481942479835,0.014987147048553206,0.18435055784813845,7.649364092356e-51,0.6475512058710537,0.0007127957290285818,0.5204793998270281
'ENSG00000145569',6.683337807167949,-0.44664448751954133,-0.022161416084409476,0.006634377740325618,2.1320930033395042e-116,0.012910152502781158,0.0003177099519582081,0.8430484714629027
'ENSG00000140749',-1.318593221093402e-16,-0.30881610397689585,-0.017390294589629818,0.0,1.0,0.014901679579005752,5.652834932215375e-05,nan
'ENSG00000028137',6.6505874921550365,0.11134967816491635,-0.02520529122907823,0.013215046464237658,3.180241582914862e-174,0.4370019745567606,2.7387358892242343e-07,0.7625699764369729
'ENSG00000012779',7.0904745388355215,-0.37778359677559825,-0.024443320998186642,0.00407230694207341,7.350515127443978e-150,0.024807971231940066,2.396160023691589e-05,0.9075374943521133
'ENSG00000112541',7.163309389571753,-0.35397815490450135,-0.019746467461551568,0.06793416906049249,2.1187291686205998e-129,0.025278207438426323,0.0002538169901106882,0.5759931413260289
'ENSG00000171103',6.184953438695556,-0.41470208575539724,-0.018333573927241397,0.004362896506353351,6.460801391380302e-156,0.0038140584914896623,0.00020882754584877446,0.916782759594506
'ENSG00000236804',4.124691492776092,-0.11611063670177403,0.015456004735941203,1.5502534338605977e-05,1.3891692378033735e-99,0.349434995853817,0.00022285449321524038,nan
'ENSG00000044574',8.92697640311227,-0.5315699799347864,-0.02010336311916333,0.008809317230228745,6.24142367374008e-303,0.0002835213051441422,6.649948530190766e-05,0.8608281971030882
'ENSG00000198692',7.020183783590453,-0.06954315150040394,-0.03228196992732799,0.07762909314208823,3.4928852919707516e-74,0.7306064498238667,2.7811696881644378e-06,0.5660062360718229
'ENSG00000183878',4.0529142933512637e-19,0.006022514591720842,-0.04999241322813389,0.0,1.0,0.9814811288431207,1.5222688638709432e-08,nan
'ENSG00000137714',-1.4548041755809387e-18,-0.0047544622185300735,0.013098543385592808,0.0,1.0,0.9609690492731378,7.503146338182427e-05,nan
'ENSG00000115484',-1.395229700236623e-18,-0.0013955392639946964,-0.01865144010956437,0.0,1.0,0.9923792074100515,0.0001773931865774745,nan
'ENSG00000184428',5.1947557874487815,0.04754344545893876,0.013845094688216509,0.006904934156704519,3.807341989512835e-172,0.677633343991827,0.0004127247584925492,0.8438384758261392
