gene,coef_Intercept,coef_diagnosis,coef_age,coef_Treatment_Var,pval_Intercept,pval_diagnosis,pval_age,pval_Treatment_Var
'ENSG00000108179',6.225118063802899,-0.2577563484747272,-0.01183337202203626,0.04062254048677942,0.0,0.0030889783515680265,6.93778650292709e-05,0.6231466185352221
'ENSG00000181626',5.185355103395408,0.24234373192948408,0.024150206488226605,0.0367021170065436,3.176113034576169e-72,0.14229196930943283,1.8538005111026322e-05,0.6340847349270028
'ENSG00000127540',7.74983373797104,-0.2932821493035393,-0.015496859932705748,0.2227530585828193,9.798918878559686e-205,0.005644422911268037,1.7677881517745294e-05,0.5141870806920346
'ENSG00000218175',5.803240369078146,-0.28110444324911277,-0.012534791326623336,0.3410067948127455,1.1349882345618412e-125,0.0016162411818568113,3.669107024538207e-05,0.5034901270750527
'ENSG00000124562',-1.3150474123098483e-16,-0.3084872835040156,-0.012395364771996362,0.0,1.0,0.0025436435670430644,0.0003684486403801423,nan
'ENSG00000233928',5.407547272984488,0.15017433995829568,0.012367271803132936,0.16145371502133918,1.6766403187755732e-98,0.19762354707310026,0.0018499153935019944,0.5255094553847763
'ENSG00000113558',9.494026411063873,-0.014507253228050302,-0.013765272656137247,0.3788255150741543,2.587563916899228e-290,0.8749504178612618,1.1659059095877788e-05,0.5013219235837222
'ENSG00000104369',5.626188357832728,0.31076509397317864,0.01127128789640086,0.14955515800990116,8.085733151030479e-186,0.000514316905487054,0.0002188619822371373,0.5286033448477172
'ENSG00000118816',9.826529057474717,-0.16793437054610408,-0.015874061255468707,0.22435855117894227,0.0,0.1090517879777717,8.755835514238248e-06,0.5139732848622713
'ENSG00000157617',4.555050103704674e-17,0.10531088226272117,0.019511321959525575,0.0,1.0,0.313576889577722,4.167269322408736e-08,nan
'ENSG00000081818',6.052900241957774,-0.16006571914975976,-0.010325913349787365,0.4283062363693982,5.815929476542961e-93,0.11031995446376892,0.002492686697754901,0.49901793365113145
'ENSG00000155368',-7.04109379010325e-17,-0.1638014848236994,-0.020154608627517123,0.0,1.0,0.22869272964599663,1.3613651144655435e-05,nan
'ENSG00000184076',-1.3822146474474896e-16,-0.3237206034078256,-0.018187092200559224,0.0,1.0,0.003346558094287112,1.290694657446961e-06,nan
'ENSG00000116288',-2.593677992387462e-16,-0.6088034651057522,-0.02078127726456604,0.0,1.0,0.0006465384103420275,0.0006263631348229798,nan
'ENSG00000175606',-1.7915911873834598e-16,-0.42012651604392653,-0.018363498483723532,0.0,1.0,3.0212738509254487e-05,8.527727452921612e-08,nan
'ENSG00000148429',-1.0705840786290718e-16,-0.2507741706085437,-0.013704090796796629,0.0,1.0,0.006642302099135959,1.3225193569783645e-05,nan
'ENSG00000152082',-6.24147352214916e-17,-0.14570479302458206,-0.012880344241352575,0.0,1.0,0.05895335625223749,9.42710576726889e-07,nan
'ENSG00000171759',5.575396687085722,-0.14646928923348426,-0.011864167584036547,0.08571329337474562,7.805305680599178e-160,0.1702503393616691,0.0011240946395353623,0.5591214031004412
'ENSG00000139970',-1.115437997129446e-16,-0.2609623054950616,-0.01741980476101435,0.0,1.0,0.03637458130788382,4.0821417923623064e-05,nan
'ENSG00000147586',4.971331444197926,-0.012826982181915933,-0.008981971998757872,0.2376662900023025,2.2849118181300374e-138,0.8747372833619181,0.0011950426033034204,0.5123110048411567
'ENSG00000182197',6.761611029173582,0.1690980021949394,-0.007430814228138036,0.23931213113236177,0.0,0.008198915007755605,0.0006496895402094459,0.5121179207986977
'ENSG00000067048',9.077733782115594,0.11600772863469995,-0.0605137913761658,0.0039920052835119456,1.019946002186299e-65,0.723931272948138,8.170894897650914e-08,0.9055095414521698
'ENSG00000082482',5.355626377599789,-0.012106496754334544,-0.013484401541133992,0.08822994883598907,3.3719859596914805e-147,0.9094532216041246,0.0002034468448760348,0.557201090037889
'ENSG00000272455',4.4974081726722215,-0.03491369120604129,0.008026307783457538,0.0062391406276172305,0.0,0.6130121464168643,0.0006859235388816498,0.8426200446702641
'ENSG00000196668',5.393343683310178,0.21838368626658494,0.017457146373455426,0.22145081527558588,2.4625053629070237e-93,0.04720530388667373,3.225655360936347e-06,0.5143627728231748
'ENSG00000168081',7.3461918492155895,-0.5150137263848487,-0.02654322445148378,0.10881635700439438,6.796152923410645e-135,0.00045812382756476076,1.1746207816373228e-07,0.5444786981528937
'ENSG00000112038',5.594398732353355,0.23102519225731027,0.014259383797540737,0.795487248446001,7.666823333620276e-39,0.043689824667394725,0.00025643874269023294,0.4910619022054554
'ENSG00000167552',9.640376197268584,-0.1353632090713335,-0.014989307610070444,0.368690098318398,8.025899841543085e-211,0.22274514579892823,7.380230082207828e-05,0.5018643493986754
'ENSG00000182916',8.747858080622951,-0.15483330201465165,-0.024389735440237672,0.23354260625878745,3.1063956869687008e-130,0.2967695197926329,1.4067368606924085e-06,0.5128062899343113
'ENSG00000259709',4.0534262645752595,0.25435061606413284,0.013188857510222357,0.040673150174262235,2.3060907407334632e-98,0.019880003079482806,0.00040545618660595514,0.6230166944746096
'ENSG00000183826',6.627727000960828,-0.12000187494233625,0.009388414577798855,0.39257394282928704,2.0089661056945594e-161,0.16043467905609865,0.0012645313910270807,0.5006269890636574
'ENSG00000058668',7.99538518981514,-0.08223058398297457,0.009831292344028016,0.006524775677247626,0.0,0.30079068313568436,0.00030487953509006967,0.8428428022586207
'ENSG00000144134',5.893480688638571,0.12396789105522557,0.010922316781120208,0.004024569531930238,0.0,0.05020588969269173,5.141634208094796e-07,0.9063071577656621
'ENSG00000188783',4.180613717344187,0.11215859419606523,0.009463340910567379,0.020175710096606365,1.1276334652038742e-283,0.10503253370704044,6.341045287822099e-05,0.7067694851730131
'ENSG00000180992',-8.145920821000991e-17,-0.19026238695988512,-0.015833848732144194,0.0,1.0,0.1471352188366713,0.0003949827844575619,nan
'ENSG00000277449',4.974687941682492,0.36483781982727065,0.010168663240297795,0.07185129299283456,2.3634047333094645e-189,4.932910439491235e-05,0.0009115048074150163,0.5717162256898789
'ENSG00000228340',5.279954346694344,-0.12268218342638347,0.020342693937957214,0.15755967522042033,4.314502981082337e-69,0.3714461283828402,1.3697450987692186e-05,0.5264867267427663
'ENSG00000080824',6.235507121995886e-17,0.1481042352531002,-0.012175290242649366,0.0,1.0,0.14892602526748017,0.0004924474735341438,nan
'ENSG00000265775',5.5562219729429945,0.04815781132128113,0.020718945957349768,0.22839510163039045,1.7193710620335696e-59,0.7337741758398859,1.7489297318155042e-05,0.5134489723242555
'ENSG00000161970',7.195795261647547,-0.23801518441339892,-0.008423650886999848,0.06564780174994395,0.0,0.001579165841097724,0.0010454763247794384,0.5787628058181646
'ENSG00000254629',4.2062365284074055,0.08466644159064098,0.012282284364833326,0.10386721812245367,1.9481513125858019e-137,0.31405215989663227,1.8381345094857756e-05,0.5471858542669988
'ENSG00000166762',7.090719418166555,-0.02925430791223267,0.011112567191168026,0.013493804240334518,0.0,0.6973549122952136,1.5863268658163465e-05,0.7598234197922299
'ENSG00000119787',6.185642508391693,0.15681213772392286,0.00805587892418753,0.14605802364973994,0.0,0.02002932331383953,0.0004553242415167028,0.5296122116767525
'ENSG00000144118',-8.114757254709807e-17,-0.18972081629632562,-0.013935418589989017,0.0,1.0,0.07429609378702898,0.00011797670321921315,nan
'ENSG00000178741',8.31309202436037,-0.533158854816772,-0.026748358278734154,0.008555208813367573,1.1519282900407563e-199,0.0015576903693430852,3.9265018389372594e-06,0.8573589801656176
'ENSG00000139289',6.6692244983735325,0.02593469815852389,-0.01314884129789854,0.1824626195918811,3.7370647360497526e-197,0.7914197075846747,8.323831270946628e-05,0.5208359610177634
'ENSG00000111642',5.321951698316843,0.2376031999933722,0.01109766452383492,0.09449016538385245,1.9470792462227883e-268,0.0020761381890234665,2.4671544321495424e-05,0.5529080208540975
'ENSG00000170634',7.692284327465848,-0.19139817021310088,-0.020046806632411075,0.15237951150972504,0.0,0.024967738088727206,5.581708506673528e-12,0.5278357688976403
'ENSG00000131002',2.333404967217183e-17,0.060372643169811696,-0.05338733001914038,0.0,1.0,0.8462591651118163,4.7597942966288534e-07,nan
'ENSG00000102900',7.541604191083753,-0.23025069037592102,0.009889038969300499,0.0679950836311677,0.0,0.002231051014800078,0.00011828296072173948,0.5759225810553807
'ENSG00000272077',4.478766541265097,0.00031267327944009413,0.011626374195377338,0.004090510466283601,3.428145611268213e-178,0.9974380858825957,0.0005154180777871769,0.9080262934020645
'ENSG00000086570',2.2497531243912767e-17,0.05183984385037593,0.011348411086907631,0.0,1.0,0.5792425100488684,0.0003637490823211954,nan
'ENSG00000242086',6.966100544677826,0.10546979236488205,0.021084272747295348,0.006220452279710311,8.736460214346219e-260,0.3985093459286836,8.289974484490071e-07,0.8426213838877589
'ENSG00000124766',6.592907312626685,-0.11477072981791621,-0.02009043962036164,0.07103432867280475,0.0,0.18368816127815468,8.935232650249435e-12,0.5725469009660817
'ENSG00000175267',6.507872007528177,-0.26576329328562737,0.01892620198922709,0.10048664622626638,8.916839048920061e-149,0.03457222390942503,1.0140858165011922e-05,0.549105129139823
'ENSG00000260418',5.572506154133562,0.16866969552990266,0.013735612756216688,0.20633587951435153,5.455560182622872e-234,0.02042022283674149,3.0016302377136436e-08,0.5165663270176835
'ENSG00000279532',1.1044142598812397e-16,0.25872511701819073,0.01387526118754206,0.0,1.0,0.002303184481549486,1.578921730372211e-06,nan
'ENSG00000260197',5.626355154779187,-0.04059665973913713,-0.020815341326342683,0.09091291342537096,2.0166761658730356e-71,0.8007686062902847,0.00014791746715062397,0.55525590970558
'ENSG00000258662',5.767511902259088,0.1524844351025202,0.014726036550722282,0.07372730269868863,4.0809041772262954e-141,0.20566920326623905,0.00033930200945886087,0.5698719481010455
'ENSG00000054803',7.921959726909785,-0.24113004349780975,-0.017346415185971926,0.2679904284457715,8.082782912076918e-157,0.040037958391497444,1.4515861533666374e-05,0.5091101340619939
'ENSG00000170315',7.888025443974888,-0.6395124946152395,-0.022033922596331936,0.0040543779691979975,3.2482540753629875e-148,0.0006852048425162945,0.0006647685556772752,0.9070667538839734
'ENSG00000166913',11.0459248192448,-0.10578905347720927,-0.014229537769230341,0.006719897784666223,0.0,0.32418639275224304,0.0001088569096032976,0.8432548638383296
'ENSG00000184828',4.229598975001624,-0.08085669324366188,0.015276892473884118,0.4551199801367153,4.4467855691179846e-54,0.3717479939648226,7.241256955127941e-07,0.4978544621501675
'ENSG00000164902',7.783840953838794,0.052683959144988454,-0.016967854420683513,0.0750822312102168,0.0,0.5383071343315726,6.217235710825826e-09,0.5684590365294536
'ENSG00000043143',7.0755624260449705,-0.059785445934917074,0.0081668114178241,0.14030372901436877,0.0,0.3107775919735657,4.857663451180292e-05,0.5316392979415192
'ENSG00000086544',4.727042450517151,0.08863777566476931,0.010138635697644841,0.07316357751467706,4.412189400717949e-233,0.2478349750476302,0.00010647640827732548,0.5703110498834737
'ENSG00000072778',8.819187234063676e-18,0.019516947982808057,0.012385927768430739,0.0,1.0,0.8496315006587472,0.00040976193943252366,nan
'ENSG00000168002',7.098779980368853,-0.15478456909600988,-0.01578814684275187,0.03184699782635233,0.0,0.12577318736573623,4.840803759042468e-06,0.6500656772334779
'ENSG00000155876',8.286368734635053,-0.27784963636212867,-0.015045468541650458,0.05988646192910761,1.1664306522169732e-252,0.03626140137193954,0.000889581722060591,0.5862919375085738
'ENSG00000115963',6.761567222099617,-0.36791405805362226,-0.020039383072820303,0.013133257743718032,3.0470661559617826e-210,0.005483159011994518,9.890691769476146e-06,0.7633858601050373
'ENSG00000160613',7.699158783990089,0.02661546089745716,0.01361747276496321,0.004105998168839545,0.0,0.7109008522258171,3.4895939198528403e-08,0.908450902541221
'ENSG00000142166',7.198109866693685,0.0031689390022282098,-0.00827152191386686,0.06548428731476655,0.0,0.9624017393549879,0.0003100064502611462,0.578994934160393
'ENSG00000282057',4.759865221130277,-0.010495830597802553,0.01442306660061276,0.029182792427811338,1.1428178211800363e-132,0.9261060568902314,0.00019126078295974942,0.660418660296709
'ENSG00000047936',4.193866990221498,-0.08873848235199257,0.01945074133020166,0.09201899379684104,6.576639176961874e-78,0.43812227553528593,6.221387313942234e-07,0.5544832034815788
'ENSG00000250903',6.3581974474349074,0.06375199771839433,0.00979381644972125,0.011546986525882692,0.0,0.36757962908069874,5.2773638115951285e-05,0.7801780472179253
'ENSG00000176903',9.119883179228331,-0.026957550825639987,-0.011487321457639471,0.007760768207549755,0.0,0.7871973840780557,0.000804168271514037,0.848963011957971
'ENSG00000175701',-1.4585830423252928e-16,-0.34181217569028044,-0.01716215484710896,0.0,1.0,0.001296046380420373,2.098376564486764e-06,nan
'ENSG00000122359',7.449676174207484,0.026492288575548948,0.017746767207346244,0.5267391771892737,6.319212229386551e-192,0.7378522319793752,4.608464583929345e-11,0.4956627777663586
'ENSG00000154743',7.395520256246292,-0.04888316880841502,0.010965360196010404,0.19060746263619238,0.0,0.5369865073298601,4.818808075522919e-05,0.5193782330047172
'ENSG00000218336',7.969775142310984,-0.07355668687064272,-0.010698419522091974,0.42667396990495227,0.0,0.22349937600872016,2.015071903759843e-07,0.4990857566715583
'ENSG00000196683',8.457152447882113,-0.21353795338127238,-0.021007683119966952,0.11811172827599335,0.0,0.04784928746076564,1.1266936817434275e-08,0.5400301601155366
'ENSG00000070761',7.2583241005861,-0.027880200229025945,-0.015785462072114037,0.05217303352630845,9.859243912772836e-259,0.81129138486827,7.457948845343508e-05,0.5985114391178226
'ENSG00000044574',8.368377405623793,-0.2272647937091318,-0.020925077864878683,0.00408869469583945,2.8556894960763693e-251,0.13733799598971141,6.920718345056973e-05,0.9079770408891589
'ENSG00000234156',-1.0292247739375613e-16,-0.24074156869646135,-0.016573755434432257,0.0,1.0,0.030240780021034447,1.1790314573477866e-05,nan
'ENSG00000269439',5.443231639745907,0.19582490766822666,0.016230305082669337,0.1605175585829334,1.6061612769384352e-131,0.05351577670427113,2.658201642423342e-06,0.5257416800118577
'ENSG00000115993',7.422736994273985,-0.024911950174027635,0.006790477624599656,0.7937412151929765,0.0,0.6126628862966833,5.072725266224142e-05,0.491083667582088
'ENSG00000110711',7.12193748032907,-0.39948044381020853,-0.012517341153140049,0.2603430980765667,3.140074740664422e-142,0.0003571737449157233,0.0010257840970849302,0.5098530448554776
'ENSG00000092964',10.350074126579695,-0.03764354430450436,-0.013831264724388798,0.12331124265626638,0.0,0.705123485183482,4.524716131971685e-05,0.537805950907852
'ENSG00000197705',-3.286894701474599e-17,-0.07632750936264061,-0.010766167335836517,0.0,1.0,0.33099434213450496,5.645338224275868e-05,nan
'ENSG00000105497',5.384193719682987,0.05289392144991142,0.011040596913589126,0.4743900777135479,1.3547761064403422e-97,0.5280671122087308,0.00011028515328101712,0.4971254672835518
'ENSG00000285735',6.165701441589545,-0.5572570077053367,-0.024010178737117582,0.09961884038641927,1.3723169804065912e-185,1.766550460296458e-07,4.096462553116522e-11,0.5251114856687107
'ENSG00000203739',5.90715263938256,-0.028918022623851413,0.010943021779861877,0.8742716307184616,3.7693464694265635e-141,0.629479887325131,8.272022890199663e-08,0.490150246641065
'ENSG00000166347',-1.0718908710091756e-16,-0.2507377828088105,-0.017099334738675746,0.0,1.0,0.04299082248085205,5.045836282452594e-05,nan
'ENSG00000169714',9.004773105180567,-0.18101546532727084,-0.016213024610989685,0.09881747742719965,2.1371528815075252e-268,0.16229174001932511,0.00024169757254439557,0.5501109932515009
'ENSG00000174695',7.387029657260863,0.048369419067696415,-0.01141730298033096,0.39067611833650456,1.3992462868684596e-256,0.5218890984620415,9.074578090357717e-06,0.5007202338864102
'ENSG00000078725',8.81585402906532,-0.1700594846075489,-0.015521724088825942,0.19497334207335132,0.0,0.09227486794069184,6.497437099872361e-06,0.5184526115098808
'ENSG00000143727',-1.677195564794416e-16,-0.3933156059016295,-0.017045362025318617,0.0,1.0,0.0030335785697493387,0.00016126697749045527,nan
'ENSG00000175309',-6.446503495009308e-17,-0.15304120047535713,0.011851689916242273,0.0,1.0,0.06056088514200747,1.9686692249950204e-05,nan
'ENSG00000234684',4.905644879541949,0.3737923767428809,0.013290967841903853,0.10105667542026435,1.7828888143617962e-165,3.1024311414393845e-05,1.395966151648175e-05,0.5487701202622679
'ENSG00000101544',7.049762972137113,-0.015191477768500135,-0.01123275882649497,0.33360489447989433,1.1257008280361686e-254,0.8422125537282114,1.553353075014137e-05,0.5039641343319385
'ENSG00000234616',6.695188396010185,-0.07200286305837715,0.017112995082010533,0.09822185429551676,0.0,0.3716335323905009,4.732504339411671e-10,0.5504790661829672
'ENSG00000187391',8.893246625776811,0.26009060241004167,0.008496039394902266,0.8178987349480509,3.37693340484791e-231,0.00032008012410573295,0.0005571161682343447,0.49078941574322343
'ENSG00000177337',4.5239549032503993e-17,0.10497296134678676,0.015619868382186161,0.0,1.0,0.43847654948607995,0.0007094456716535457,nan
'ENSG00000132849',6.792593009469035,0.22328921450712205,0.009653475371035771,0.23462885050913365,4.164360846559045e-257,0.00619685998988014,0.0005140717801336278,0.512674189132972
'ENSG00000103363',8.586135334935948,-0.5328057488783167,-0.019179576973218516,0.004542268713369421,0.0,9.352151905005293e-06,4.056173718851101e-06,0.9243259075825454
'ENSG00000198894',7.066836160698751,0.02987457712490608,-0.013399711493583072,0.017555170014266572,0.0,0.6713401158089956,2.635077468648088e-08,0.7250552686943965
'ENSG00000189410',-2.07428675005709e-17,-0.050224789989059895,0.013488971319735345,0.0,1.0,0.5283550960620154,6.57571199689165e-07,nan
'ENSG00000244675',4.425300520985707,-0.08501728142763386,0.011318354307241402,0.12677292412217717,7.986940171127836e-128,0.3352630736868474,0.00016764403225061873,0.5364666870511712
'ENSG00000165572',7.904946818052989,0.04202169873864247,-0.014296952597834839,0.005285889672748436,0.0,0.6403031350065509,3.3776970077983837e-06,0.8452682232517581
'ENSG00000123570',6.922807201966889,0.15838879715446552,0.007586955568671304,0.35702886646066617,3.147417106928169e-281,0.023047034509274394,0.001393995072700139,0.5025223023671227
'ENSG00000179455',-1.2632830387094883e-17,-0.02788562121515936,-0.018441873620656815,0.0,1.0,0.7631742708456271,4.839726079374293e-09,nan
'ENSG00000165246',-1.2945316075901484e-17,-0.025403315104449938,-0.05018916220552139,0.0,1.0,0.9271400172094992,1.1199024711214303e-07,nan
'ENSG00000142669',7.110934377043457,-0.5626791248918961,-0.02158875855442549,0.00727417845348382,7.073060801032649e-126,0.002131423031464385,0.0005902116250085032,0.8455603583350332
'ENSG00000136810',7.950741215523877,-0.5356717167571994,-0.01929126044288587,0.0527430442303333,5.139508007513998e-201,0.0002228805314865048,9.793031051773465e-05,0.5975056082884785
'ENSG00000233693',4.848130476776615,0.0036819181804996024,0.012036238008980012,0.16014153826767863,2.3822999110565903e-96,0.9722639554067948,0.0008524791115744389,0.5258354425478065
'ENSG00000112309',6.0471135003831105,-0.07744967153676366,-0.009600434898379648,0.06191616087476472,0.0,0.32871745556561927,0.0003872926504825801,0.5834926812546253
'ENSG00000155090',6.222369234335424,-0.023014943738991975,-0.016319273184699237,0.01596851187371498,1.5180087833105032e-202,0.8519889311912091,0.00011014006329270419,0.7375508591770145
'ENSG00000094916',8.600719074673934,0.16867763514747544,-0.0064298894380471405,0.4495119233804639,0.0,0.001577129865667322,0.00040513490043414,0.49804111694130915
'ENSG00000171044',7.110871690740565,-0.10193155791791028,0.009474694696553413,0.07460588473506911,0.0,0.19848077297928945,0.00045775474103917473,0.5689432463955022
'ENSG00000227748',3.246063166881843e-17,0.07527591358815142,0.011652567281576832,0.0,1.0,0.36710270510054577,4.1231867316003046e-05,nan
'ENSG00000279668',1.377938891586725e-17,0.030962435709393304,0.014730526846986069,0.0,1.0,0.7906624881010185,0.000207992219722951,nan
'ENSG00000087494',-1.133031422009823e-16,-0.2648107052078822,-0.020335000291851108,0.0,1.0,0.03827949971023066,2.9724145209016414e-06,nan
'ENSG00000285588',4.88586716275829,-0.056881344878841014,0.013497663374174287,0.08083962814383115,8.948971285194917e-144,0.5682874865406201,7.186260496114726e-05,0.5631304202880714
'ENSG00000153234',6.205354899331765,-0.3117024086782435,-0.019912064414907664,0.05212839535464673,7.451805321869841e-215,0.004474981459488256,1.0322423538248752e-07,0.5985916299169645
'ENSG00000204272',6.579886200898164,-0.12511572011152422,-0.01733372762200162,0.048737949044723845,2.2705633499546787e-172,0.33933739794379114,0.00010515948495746367,0.6048967260454647
'ENSG00000237753',-5.345863541453018e-17,-0.1269372585623094,0.010079317380545348,0.0,1.0,0.1458303396083539,0.0006942759819197729,nan
'ENSG00000205500',1.3710500067501505e-17,0.030946374138908477,0.01328835347062441,0.0,1.0,0.7267223189517267,1.045456280164929e-05,nan
'ENSG00000005108',-1.123317183232338e-17,-0.025169686581202527,-0.012712603577899448,0.0,1.0,0.7872053065287155,6.219578981572028e-05,nan
'ENSG00000115286',6.810392900601632,-0.5393587039861812,-0.018077848604672434,0.03774115426687076,1.6525546358240816e-191,4.2474068925910213e-05,5.868398306596316e-05,0.6310337533612677
'ENSG00000129355',7.848919833162516,-0.16126655976153384,-0.018923601821845118,0.07436024471984881,1.852299371294071e-283,0.16123627585773914,1.4380070486358289e-06,0.5691989329761353
'ENSG00000149150',5.166339609691932,0.07103344053113789,0.016709096479874334,0.1005987156739519,4.767278913763585e-287,0.32123915067976894,7.730621603700357e-12,0.54903892339624
'ENSG00000184924',6.042758095638939,-0.33505404612386974,-0.015350510759012559,0.004363385914941885,3.027956243926536e-241,0.002853155674430201,7.423400955807979e-05,0.9168011923000501
'ENSG00000248050',6.811718177561689,-0.17673616002291578,0.008922006363118275,0.00676458880701169,0.0,0.014668923947594413,0.00032429730507341627,0.8433786771735365
'ENSG00000188690',8.30439910678833,-0.2338805008922048,-0.008839626059397712,0.3849555323360284,0.0,0.0020070383979582333,0.0006085379560151333,0.5010064406453252
'ENSG00000180357',6.650277417176131,0.21513271655081376,0.012714985157782747,0.1979783616274685,2.5443728944054483e-207,0.021148731520242107,6.369229179182466e-05,0.5179322978750474
'ENSG00000106803',-1.4559540820793095e-16,-0.34130018672471624,-0.016104367179105752,0.0,1.0,0.006990277329036491,0.00018548426370770628,nan
'ENSG00000105649',5.784593843038974,-0.1187830106230989,-0.01308208911768888,0.005741517836381356,3.5586211087304804e-275,0.23932087006587555,0.00015308099853804797,0.8433359186658227
'ENSG00000179406',5.44068448949676,0.17107850150195414,0.013222654482236033,1.5558394371800088e-05,0.0,0.04236963246404791,3.2794242905823725e-06,nan
'ENSG00000154518',-2.2735596113772266e-16,-0.5331238823075484,-0.023538308173219218,0.0,1.0,0.0011068535985266348,2.3395267663644418e-05,nan
'ENSG00000270170',-2.1739953314165108e-16,-0.5101429140858141,-0.018899823671512352,0.0,1.0,0.00026434513373690635,7.207568867681356e-05,nan
'ENSG00000109971',-4.126929099450655e-16,-0.9678997727333243,-0.04093284074094443,0.0,1.0,0.0001702042943232774,3.0174123205496942e-06,nan
'ENSG00000130349',-1.1290227441554277e-17,-0.025463536132517794,-0.01113958844122479,0.0,1.0,0.75466332447533,5.941664347440654e-05,nan
'ENSG00000186687',8.048797650004865,0.08662427833964625,-0.01646151544636567,0.7541027161087459,5.801949794466996e-163,0.2831183428047571,2.1068240210456048e-09,0.49159766945343064
'ENSG00000170345',7.2086324098576045,-0.44806665960190245,-0.03562166630879879,0.17114382715700344,8.367460469207119e-54,0.03200110070012304,5.651841670517982e-07,0.5232227572633548
'ENSG00000261325',5.3792198010467995,-0.4602836736152411,-0.013930143663637677,0.003982161177264578,1.647346955832231e-204,2.5028553399006018e-05,0.00020467096427806346,0.905274920849133
'ENSG00000177432',9.147117090737419,-0.26021800417020885,-0.020359338525195038,0.06726524608885774,0.0,0.04274408954935311,3.3652889963135658e-06,0.5767746529844229
'ENSG00000088899',8.226371757452101,0.11746144402834288,0.016550161806389397,0.11586909759803177,0.0,0.14668802894628072,2.0044209178269162e-09,0.5710468705163593
'ENSG00000236859',7.538334990143227e-17,0.1767146338324366,0.008305129495621228,0.0,1.0,0.010551836222076186,0.00041598577933935245,nan
'ENSG00000279078',5.8040420409516305,-0.16847710692741288,0.014677011661790923,0.21809606767491443,3.7930476881521805e-102,0.1380002024610583,0.0001491393685416165,0.5148250944197558
'ENSG00000196569',-1.0795825974689868e-16,-0.2558896878004144,0.015850249853918297,0.0,1.0,0.05334844984334315,0.00043991594162539433,nan
'ENSG00000092148',8.711358786984235,0.03745142602032057,-0.005910693633886008,0.00419083450324423,0.0,0.42523048891119364,0.00025555383911247124,0.9109244289346481
'ENSG00000228204',4.293594696809617,0.018843554857071145,0.012321093434465476,0.39578169135412494,6.313376194449934e-69,0.8249947887571167,2.1877862589200535e-05,0.5004712774840989
'ENSG00000182636',7.160335321370046,-0.02340964322412327,-0.011532470684680218,0.09472819114339326,0.0,0.766177133101696,1.7349282592414878e-05,0.5527460523696068
'ENSG00000184992',8.344446197001325,-0.05902113474030015,-0.010341495667047252,0.0042336552890703365,0.0,0.38051410554848064,8.098340512947868e-06,0.912272213290173
'ENSG00000172301',8.448943914683666,-0.14662561579783015,-0.015419151709542235,0.007597482024173603,0.0,0.10089087070854662,4.962988438137411e-07,0.8476768280821181
'ENSG00000133703',7.553464401699504,-0.007487321155640688,-0.013740823109873663,0.4415220287479857,6.257498748575852e-263,0.9183719400941962,3.351830031621251e-08,0.49848709121844337
'ENSG00000249859',5.182822835449357,0.020785046780201943,0.016798959053508325,0.19325974018814018,2.0746776467453386e-105,0.840290375494565,1.7532773182274818e-06,0.5189460403667709
'ENSG00000101190',1.277069424619671e-17,0.028957461630388325,0.011071905186756,0.0,1.0,0.6673680528595733,1.3925411903082435e-06,nan
'ENSG00000227487',4.0602669293558185,-0.08746114090395528,0.015572373172025186,0.18035616513326805,2.745021520038547e-84,0.34286023999342186,7.192476934510636e-07,0.5212477228173499
'ENSG00000177000',6.8471404759876755,-0.03853622746189274,0.010523075065823655,0.021571706810933334,0.0,0.6318082442786925,0.00012953570576407244,0.6980839289141795
'ENSG00000281008',2.818571761231437e-17,0.06553467173114631,0.0084188585291633,0.0,1.0,0.3840959224775582,0.0010237891922087376,nan
'ENSG00000143256',7.4434756863566225,-0.15858841702207432,-0.013308034614321947,0.004464413288487475,0.0,0.13906364589686057,0.00032769766999758595,0.9208479110983977
'ENSG00000171451',-7.321216549253667e-18,-0.016117891757890204,-0.011111072934554173,0.0,1.0,0.8360894414415995,2.8022733098679978e-05,nan
'ENSG00000198890',3.7364041183411405e-18,0.010118847763022269,-0.013003322116247683,0.0,1.0,0.9185880892514586,0.00011445471322112165,nan
'ENSG00000156411',9.941441021999818,-0.5764630394361095,-0.020481949173591196,0.007601365036394118,0.0,7.156846292859269e-05,3.926139097815666e-05,0.8477057148306012
'ENSG00000241291',4.082414218501751,0.11292658294612,0.012590960266094388,0.005501336005494947,3.359575658284521e-131,0.27614851463398093,0.00038809145913419667,0.8441984491040225
'ENSG00000127081',5.818600957605915,0.22346142556291274,0.00991421875277758,1.8104213707435688,2.433330765062086e-40,0.006177641358817353,0.00036015949043737147,0.4853778139975643
'ENSG00000169020',8.259202132003084,0.0026584371839768915,-0.012121724050889076,0.12686407698954144,0.0,0.9767124663534678,9.429387102101432e-05,0.5364162654909699
'ENSG00000143333',7.034533739018693,-0.43303615683973845,-0.01729595659577615,0.1631624767255304,1.4265075451517138e-95,0.0048127258694385545,0.0009521597417971345,0.5250900919923573
'ENSG00000158711',5.6748272778333275,0.044224211791409465,0.01117138255376739,0.0644163375549281,0.0,0.5540319835839307,1.1787914469319282e-05,0.5802308271691161
'ENSG00000143153',11.16987094908383,-0.2725904251877043,-0.01956822195157207,0.01560620247735706,0.0,0.027120051656500214,3.542880020401836e-06,0.7405864404929932
'ENSG00000183648',8.188631987864687,-0.2937695340132516,-0.013646575395673186,0.05967238292691534,0.0,0.0003411470371859115,1.0788392167552028e-06,0.5865966384255666
'ENSG00000138495',-1.7927208585464256e-16,-0.4198911032037115,-0.02331049373372282,0.0,1.0,0.00014844531698881568,6.190262741323558e-10,nan
'ENSG00000131174',8.738117669661372,-0.4279216929101919,-0.018391302370393433,0.09323896820123243,3.841176579034637e-275,0.0006454427573846407,1.7056990932924757e-05,0.5537775251252643
'ENSG00000062725',8.076285700273466,-0.011497168306924484,-0.008038947766772312,0.03255429517621151,0.0,0.8762040686447504,0.0014282243236065789,0.6475825837641886
'ENSG00000137200',5.954689280289133,0.00804082478176191,0.009279902627418546,0.1116397777003309,0.0,0.9044376314278382,4.8161346802862187e-05,0.5429438349500723
'ENSG00000229807',7.239770254135773e-17,0.16081748115186895,0.09575230897345015,0.0,1.0,0.7192581062244249,3.262551555718565e-10,nan
'ENSG00000184515',8.705850694548687,-0.5099839167802029,-0.020826401206359948,1.5117536124165336e-05,0.0,5.718304235653751e-06,3.766006787894435e-08,nan
'ENSG00000166681',-2.0148135741718565e-16,-0.4715906644660237,-0.02934509278576513,0.0,1.0,0.002246426062142558,2.3473622523636603e-08,nan
'ENSG00000162769',-3.314370974590725e-17,-0.07930513943605597,0.012222703972621193,0.0,1.0,0.38378381415758445,8.067333436207713e-05,nan
'ENSG00000133110',6.569073356045308,-0.24554880851261338,-0.01848945468002088,0.0626054286558482,1.0623596576603737e-153,0.06781192112572451,5.561471150470953e-05,0.5825807305349102
'ENSG00000152910',8.341646161238206,-0.15771945912158508,-0.01488645847992741,0.043084729048814864,0.0,0.06557335792925885,3.564869944165973e-07,0.617079662569552
'ENSG00000114850',7.317452169301173,-0.13783517320685157,-0.016087569788855945,0.003956084815338109,0.0,0.18420570292260052,6.39643293064504e-06,0.9046677586231343
'ENSG00000173660',9.296346205726008,-0.2833637773680251,-0.01756802474453271,0.007146490481388543,0.0,0.009358019095384813,2.615611299661212e-06,0.844881108040605
'ENSG00000130332',5.993044626646154,-0.035950961089967856,-0.010599203326713316,0.022779672959208262,0.0,0.5791551398103394,1.723933180606526e-06,0.6910940699108492
'ENSG00000205542',-3.353792474482426e-16,-0.7867016984284746,-0.032004448556295,0.0,1.0,6.652763078193819e-06,7.363049655048932e-08,nan
'ENSG00000260585',5.122239019112856,0.010349633680121663,0.015259675590366931,0.4195296674615802,5.409730860483615e-46,0.9328122594591799,0.0002628062136601577,0.4993886971914171
'ENSG00000115128',6.8546644702234,-0.12542569504997927,-0.013896852154093461,0.04494887428510253,8.976863015013898e-300,0.22803134279338233,9.131482747880984e-05,0.6128107134731663
'ENSG00000090520',6.580493481248384,-0.23761577654386998,-0.013381152132992813,0.03967775651259402,3.856890989901082e-308,0.017162146037063238,8.471398144821351e-05,0.6256142898111878
'ENSG00000269713',4.751892781523218,0.1315929759664588,0.008147964286949458,0.2386011938309345,2.1096235663275803e-217,0.033250137722082684,0.00010915163230606901,0.512201012066558
'ENSG00000140264',-8.73958456883225e-17,-0.20452084198909282,-0.013117074135234694,0.0,1.0,0.02653442683761571,2.93415516435026e-05,nan
'ENSG00000117602',8.144350675992469e-18,0.020917977244120037,-0.017114199391405245,0.0,1.0,0.8384824084052545,9.681910719811731e-07,nan
'ENSG00000245275',4.416780885013901,0.13732144548082761,0.011455938501376056,0.008085442446367816,1.8131343244138014e-222,0.10611640426319605,8.686365309039138e-05,0.8519595173828994
'ENSG00000286934',7.2709402767436115,0.18539300930826638,0.0134216208457911,0.3202723079692942,2.911671120360012e-109,0.12997588696856388,0.0012907622301311693,0.5045516204171954
'ENSG00000125378',3.8962140752839836,-0.19397866742532485,0.024286403841122482,0.018146134615274877,7.041859188845367e-98,0.08081351220236095,1.6428824564665413e-10,0.7206648993391576
'ENSG00000183317',-9.235279170213748e-17,-0.21905585895261126,0.015090710016337768,0.0,1.0,0.013830697017652268,6.33922948475044e-07,nan
'ENSG00000052802',3.370021770797574e-17,0.08065726839294943,-0.012630507013392592,0.0,1.0,0.44277414223064215,0.0004156454921259034,nan
'ENSG00000141084',6.519352655293749,-0.2197423416884436,0.011513020111165296,0.015894479487624798,0.0,0.00953223103277139,7.187249785906638e-05,0.7381655910218635
'ENSG00000172348',8.75968129342396,-0.16540380909047223,-0.015374918895460237,0.15003525108832966,0.0,0.08993958195652275,3.7470515277210327e-06,0.5284706419035541
'ENSG00000104823',7.14867873950525,-0.04813921909176829,-0.013925029625522974,0.004432200946866717,1.0382254393889723e-301,0.6847060769169484,0.0006709105200869216,0.9195036348324808
'ENSG00000107242',-3.752671758676078e-17,-0.08634694865981256,-0.020151154610516416,0.0,1.0,0.4712529267535742,7.891169574188548e-07,nan
'ENSG00000181773',5.861366094536944,-0.3668109760225451,-0.013271419185641084,0.365978303477162,1.8226670458146202e-83,0.0007094882164712758,0.0003226577560111399,0.502014038920954
'ENSG00000138741',6.8092481913531975,0.02238928633704858,-0.015956767009980936,0.029656730876531808,6.434155406353087e-227,0.8558471994106458,0.00015087260018558328,0.6584933903302199
'ENSG00000104267',6.931319299367986,0.1391917153795075,-0.02120590391565327,0.0042635811907942855,5.001250901732423e-222,0.30092391089678105,4.752810051621405e-06,0.9132558441591424
'ENSG00000149571',5.732937774554235,0.23193764701379652,0.01192726171644714,0.06263673549635952,3.535085333319921e-240,0.01324469467146736,0.00018863022082566674,0.5825398353265312
'ENSG00000156170',6.83347656670834,0.1002762983304086,-0.00793536506692744,0.12147806089180009,0.0,0.0898559874056294,8.229235164504214e-05,0.5387236102727027
'ENSG00000132432',7.278921674405131,-0.5301969187012413,-0.02425419684439228,0.013221189600583492,3.308418165945845e-188,0.00043775596678360566,2.6060502486338516e-06,0.762508881034643
'ENSG00000204128',6.853742018431051,0.1437349080185771,0.011254375938058019,0.013837305943166072,0.0,0.06221445946409859,1.98584878406961e-05,0.7564678321767674
'ENSG00000221995',4.412912032533319,-0.015402307426460442,0.0115425843925093,0.1788726025197547,3.912709763803086e-88,0.875317038953604,0.0005590885081293917,0.5215465974752574
'ENSG00000153012',7.559394255833356,-0.5067933145669349,-0.020017193665292587,0.2103323650928847,3.510086152973475e-117,0.00027563717963806844,2.4832783439802922e-05,0.515952329011174
'ENSG00000169895',6.709534113069337,0.09506381901099657,-0.009114385224010178,0.09641369035142312,0.0,0.18043388014856376,0.0001656660338864231,0.551627931959303
'ENSG00000176340',7.84316949171517,-0.31555685040206255,-0.01624202030940815,0.3567261154922177,1.6312349770205668e-152,0.003357730240537145,9.34481570892343e-06,0.5025398884977872
'ENSG00000224550',6.176002657993476,-0.5198590546739377,-0.018194689458817834,0.0202158155341053,2.27798796582758e-163,0.00011849375728869854,8.150077443569819e-05,0.7065108172763269
'ENSG00000096092',8.561717644896836,-0.17924005190595424,-0.016165510316729016,0.1430350269980623,1.6892263853599986e-247,0.13207146204024656,6.744460307121901e-05,0.5305881569595158
'ENSG00000100504',5.507910368107516,0.056681495224095005,-0.011994157817048743,0.04581500841346074,2.805691268793269e-280,0.5114027632555384,4.687645330698661e-05,0.6109154081353609
'ENSG00000147571',9.153360421361203,-0.6402638184737736,-0.037746924449690966,0.04548615874831004,8.993237258864601e-139,0.0017698731891433064,6.681400223124322e-08,0.6116286517279206
'ENSG00000250933',6.084228425800293,-0.19050873390497244,0.014383299132252732,0.24412873559180392,7.009361687971722e-149,0.045390043198745386,9.23481462297374e-06,0.5115671248301209
'ENSG00000287807',4.289137322160398,-0.06779158222929396,0.011712251369838706,0.02609014412976086,2.652271693742312e-194,0.42342573974235564,5.1891290888481456e-05,0.6740587400196212
'ENSG00000227945',4.289079762136982,0.05811953660331372,0.01043860730854807,0.020731776014557023,0.0,0.3740495365702051,3.020538172623263e-06,0.7032326288742531
'ENSG00000140443',6.9407652425557265,0.26120187385015237,0.008176411532997753,0.053016741951394476,0.0,8.245664227274425e-05,0.0003044951306473096,0.5970310606812796
'ENSG00000285745',4.4439454616521505,0.07845538689091217,0.008400131235700893,0.03690481717583706,6.299530577280843e-240,0.3074618636447316,0.001375180324844768,0.6334741096787428
'ENSG00000234428',4.237248086275287,-0.10695238861900488,0.011217504987989332,0.24829646954601292,4.568603141545477e-60,0.3078464076768205,0.0016932487628324746,0.5111068101791036
'ENSG00000105976',6.480417740008925,-0.04500742205580768,-0.019081369624867235,0.006734707073134391,1.180778299912254e-133,0.7815585482197938,0.0006021564778636569,0.8432946800552258
'ENSG00000155093',8.475113909160147,-0.16496958337049497,-0.010827469161256084,0.1370751542086706,0.0,0.01389884302558963,2.1711811803754727e-06,0.5326655454360465
'ENSG00000171189',10.127737582765453,-0.435575435393827,-0.021045077855781958,0.1338855146375353,0.0,5.4052269262414716e-05,1.0463111023767288e-08,0.5338133985798359
'ENSG00000141449',1.2621418496616632e-16,0.2959613990789403,0.013032669617732954,0.0,1.0,0.010879089579476342,0.0009895633004893339,nan
'ENSG00000170776',6.895395652343843,0.1545941910107622,0.0099007834363991,0.17691416868813917,4.930679257388145e-293,0.06465396023193197,0.0005157081073352601,0.5219522308911273
'ENSG00000112695',9.235737465391296,-0.6341050430525172,-0.02758321796262835,0.04886446896686543,2.035872676401367e-222,8.657349765021928e-05,5.647062796081817e-07,0.6046493445259264
'ENSG00000141504',7.513947510963326,-0.06977486607912811,0.013523210566964346,0.2452472671947244,1.225198582834535e-229,0.4594053512394519,2.5685689520189865e-05,0.5114421465789305
'ENSG00000083099',7.566134856872745,-0.2221140132007566,-0.011673995569051163,0.08965765505563458,0.0,0.01571634479203335,0.0001968898468720882,0.5561532533074731
'ENSG00000139343',6.7757244730750505,0.1590676857363747,-0.011621872169003792,0.24613847543687667,0.0,0.020684473209215928,6.985098647562728e-07,0.5113433321065086
'ENSG00000165194',7.824320773819338,-0.09548101658317476,-0.008204145767487406,0.4113456117042864,2.323946541971027e-258,0.22265887442724186,0.002095634415182384,0.4997482836646424
'ENSG00000167037',7.621934518112623,0.0432514264150407,0.008913530829698198,0.07254155017521298,0.0,0.48933909178705204,2.9517393825868417e-05,0.5709675901223876
'ENSG00000100362',-1.5651075275482699e-16,-0.3667627365724695,-0.01854338555092314,0.0,1.0,0.011323490914019699,0.0001694589703347494,nan
'ENSG00000206140',4.4636670395561975,-0.08443050168221956,0.008607224550289826,0.031534624592327254,0.0,0.09596442719774789,6.760309698818535e-07,0.6512236060952017
'ENSG00000204706',9.385423228980531e-17,0.21969821368043121,0.013458318142562356,0.0,1.0,0.005951505357497635,7.480627988699021e-07,nan
'ENSG00000163638',6.095125176833573,-0.2948742196147109,-0.014424725882072149,0.014543614025089616,4.056159818210973e-278,0.004322556733293164,4.5145658924111437e-05,0.7499042708998389
'ENSG00000133169',10.93017860182554,-0.3426101824085663,-0.024878154824767826,0.11015304491989147,0.0,0.004107616606996947,9.806187397136845e-10,0.5437937809035422
'ENSG00000124172',8.923261598001979,-0.4295623663620568,-0.01975564887577229,0.004523138988570908,0.0,0.00018067654575068683,6.446147992882828e-07,0.9234397791286182
'ENSG00000182512',6.750617115405097,-0.08573069704965804,-0.010601034250968215,0.13647801682176325,0.0,0.21413659537392382,6.5785003552264216e-06,0.5328734945143854
'ENSG00000163285',6.99608311930399,0.33145594049524524,-0.025071547873377512,0.3090569862957193,1.1939887379386024e-148,0.0011454342952783372,5.151600627108675e-13,0.5053550163496832
'ENSG00000101182',-2.0058212569319563e-16,-0.47058106941695593,-0.01841087065875878,0.0,1.0,0.000674488449728972,9.363920460544659e-05,nan
'ENSG00000165973',7.446079803193019,-0.601310449209732,-0.0164005091276533,0.09833314100855528,0.0,1.0812510160948364e-09,1.0761124468016078e-06,0.5504099196541001
'ENSG00000113719',6.34157469999744,0.021675762024842178,0.007605488423932006,0.8316412600329822,3.0985120434953972e-114,0.7669915105209936,0.0022658727692163204,0.49062880452037727
'ENSG00000263465',7.624404915855755,-0.04581295237456466,-0.009332577048800774,0.029136305008767575,0.0,0.5614887776922003,0.0005362408524454153,0.660609641557178
'ENSG00000105993',7.5225588370378915,-0.13926599861120734,-0.012114670807097733,0.10947959245767025,0.0,0.08850599118413947,1.3846413023699644e-05,0.5441825440719232
'ENSG00000137962',7.137844886270824,-0.17335731449012384,-0.014809047075919039,0.06717619627653706,1.6598173907130196e-277,0.10639744943602847,5.272105327384837e-05,0.5768796705084631
'ENSG00000236709',4.7551488283106025,0.2921598336972042,0.011667403800471354,1.0145356657165678,9.193510425280942e-31,0.003286535820351989,0.0005662973972385406,0.4888792173103089
'ENSG00000150316',8.066372077898757,-0.16110181888515837,-0.018885009847035724,0.27859649511386286,3.6292358125965494e-229,0.09860523039741986,1.3210503433962483e-08,0.5078487175379539
'ENSG00000137714',5.634938248182249,0.05702810116358091,-0.01003318461983649,0.11141374362711853,0.0,0.4124767107468802,2.342800819989093e-05,0.543137237775701
'ENSG00000137177',5.844961460820432,0.3635291127575056,0.013466242946140815,0.292958076939444,4.648820860163106e-103,0.0004930269310399751,0.00015124165142205945,0.5066111503875741
'ENSG00000114200',5.087464277687806,0.02930063903535628,-0.014877556669265133,0.007707284795384035,8.356905655910109e-193,0.7810353364166049,3.9158150737617626e-05,0.8485255806738992
'ENSG00000229852',5.912812001021657,0.18427461893259772,0.010770376816108242,0.0351967047574474,0.0,0.009181921723773422,8.254074668842133e-06,0.6387244235826489
'ENSG00000121073',8.114809981199098,-0.2628013541816855,-0.009519106374424645,0.22321875010278214,0.0,0.0010131579607079067,0.0004753084358084915,0.5141247503167311
'ENSG00000007516',5.404952515536328,-0.14769528373731988,0.01656805528912168,0.17578887536747465,5.150127032129718e-74,0.2633600279586167,0.00023147250337379163,0.5221908485136713
'ENSG00000238105',1.0270944053321355e-16,0.24008039603733125,0.018146057799807512,0.0,1.0,0.003930978047906816,1.5402493953268848e-10,nan
'ENSG00000111775',7.870322755051872,-0.3226643798888263,-0.017386045120792136,0.004534709539378877,0.0,0.008062801276213597,3.709878705363292e-05,0.9239731927911446
'ENSG00000147119',1.9419674851351775e-17,0.04712179373040361,-0.013623398303843392,0.0,1.0,0.6591115800030115,0.00017983065620115967,nan
'ENSG00000143515',7.027141640026229,0.0353210417527809,0.008840425343729644,0.5649573515323086,8.506302568225414e-145,0.6735837170930632,0.0019640835511317194,0.4948094731400968
'ENSG00000136156',10.313086682881597,0.04199251436628338,-0.016801164277016997,0.6068487653568434,3.033145402066731e-260,0.6370757590379068,2.9813364397421493e-08,0.4938857490817381
'ENSG00000166226',8.616550725805714,-0.1828784638783635,-0.01195272041891948,0.09496003650909997,0.0,0.02747643523386176,2.3786378070021882e-05,0.5525892983694096
'ENSG00000265115',5.050167039547561,0.17594646213779172,0.014330034091138,0.046857431926052774,1.1721254519015957e-131,0.12831091313625118,0.0002848009219968054,0.6087044814830169
'ENSG00000197780',-1.2061062810966877e-17,-0.026885537862767088,-0.015022361092174308,0.0,1.0,0.7595331232099455,5.082864076159544e-07,nan
'ENSG00000104331',-3.381005876243063e-17,-0.07842920095773873,-0.011900446324301454,0.0,1.0,0.3431008878523494,2.3898774844407055e-05,nan
'ENSG00000235478',-7.459482182829356e-17,-0.17461292020250707,-0.0107163069104418,0.0,1.0,0.05041371307674047,0.00042117669240826906,nan
'ENSG00000112130',7.159223963353819,0.042963767066817184,-0.006771423805418313,0.030076375687172183,0.0,0.4538081886437165,0.0005487184537728035,0.6568206708722011
'ENSG00000105677',7.813352657375097,-0.28606311276816315,-0.019168741480649783,0.1578435665412623,6.542879030648448e-214,0.012301145598902588,8.555579483338383e-07,0.5264144724874188
'ENSG00000196227',8.933061860973003,0.059635127365387106,-0.00884693802882967,0.008070814611176265,0.0,0.40656002232573385,0.0003374281742802656,0.851811798902956
'ENSG00000167526',8.353092303267092,-0.19087468496619295,-0.010432861211827758,0.6528709999724331,6.639587100772092e-139,0.04729727922241665,0.0014547372693049575,0.4930811742033536
'ENSG00000272595',4.333111087754425,0.09671163921523773,0.014098916759894737,0.008999524682306189,2.138808888406078e-184,0.2890035891474021,7.193609195923134e-06,0.8636908780290523
'ENSG00000174917',7.66162503668576,-0.5467140324479309,-0.01870613796902324,0.15880139956270853,3.0036158344106656e-242,1.9630490313067622e-07,1.75505903842801e-07,0.5261718652254588
'ENSG00000237838',5.60180063091108,-0.0650873553287967,-0.011957166202929023,0.017439952965675177,0.0,0.3146393388483042,6.642434790934444e-08,0.7259338888578479
'ENSG00000091436',4.885128967054511,0.34229868666731905,0.011318750589548015,0.1614800754076767,2.71935270956421e-118,0.00035916504312914467,0.0005353517071675496,0.5255029415148972
'ENSG00000145912',6.808135761705424,-0.32503676237512574,-0.020921280112841365,0.0118499906575515,5.937539931648693e-170,0.029167646251386063,4.1135864317492426e-05,0.7768216016198664
'ENSG00000054392',5.145916786691196,0.027236615864849243,0.01715607000371055,0.14054594552011807,1.312257864416812e-126,0.7870341390156891,5.948136114392384e-07,0.5315364211228745
'ENSG00000111261',6.676013624905813,-0.15359288450758846,-0.012943522257001322,0.003992042554187823,0.0,0.14897555615491623,0.0003998119294551788,0.9055104354315244
'ENSG00000100433',5.682528886492396,-0.22837735566288284,0.01190904087192538,0.03228756385180367,2.2869308429817043e-279,0.013085420870013813,0.00015175505807756923,0.6484562788463457
'ENSG00000109107',9.342525515814149,-0.711920213979831,-0.025707460932018134,0.12250886715692368,4.890514449045169e-86,0.0019248035289032217,0.0010176035185107007,0.538143430213027
'ENSG00000167193',7.3660735589379485,0.06310761528713386,-0.00865457171438683,0.05641438022280538,0.0,0.43171028937194444,0.0015774577680497818,0.5914747417466895
'ENSG00000005238',5.174406833871777,0.15016251951496223,0.013009583588855723,0.08867040447507255,7.366497633207736e-264,0.049693714848198775,6.155411605957372e-07,0.5568746888789107
'ENSG00000115042',6.931205631266204,-0.09914142840452701,0.011850699075279787,0.7594896832835579,1.0902342979620922e-159,0.15676898220769162,6.68935216780132e-07,0.49152564004836863
'ENSG00000091164',8.034960441649252,0.007254608223938801,-0.009223053954175362,0.12733647625784172,0.0,0.9071933902901692,1.3730314030583234e-05,0.5361961599676701
'ENSG00000272143',4.650205482788237,0.3359031208432855,0.015999055776507835,0.0992810038239177,1.616832656021182e-82,0.005727892332741066,0.00011349997194146675,0.5498279217422355
'ENSG00000100138',8.502334951989495,-0.21162871774589204,-0.017414992995559975,0.14939452655825974,9.742564559750361e-213,0.09384859467420059,5.223536489024029e-05,0.5286479883752944
'ENSG00000269609',6.32978645644342,0.22276746035868727,0.011146185983737783,0.4938665424050622,2.028371756513216e-212,0.0006648732513517617,5.726988213326744e-07,0.49659141802432527
'ENSG00000136888',8.66824599162958,-0.09082680943953492,-0.014702255918083428,0.09732386716787299,0.0,0.41061955955175045,9.37387579808239e-05,0.5510435126414687
'ENSG00000114982',-5.875590854971263e-17,-0.1398506102302538,0.014382737961700436,0.0,1.0,0.09718737830423631,5.444458380713027e-07,nan
'ENSG00000109846',7.4164680034028985,-0.020575975891221152,-0.014992208292629388,0.03841943516151818,2.93106219301286e-215,0.878895789571567,0.0011487348099502985,0.6290296780065114
'ENSG00000145708',7.489128362664178,-0.545815906945431,-0.03588537101627479,0.005414129619363579,5.583056949258656e-197,0.0004253314436437387,1.2840723521883424e-11,0.8445973040444789
'ENSG00000249798',4.540654349061644,-0.012500205725792364,0.011365621317841145,0.0348648128027556,1.407881301122309e-199,0.8852448499599257,0.0001219123471739331,0.6397824033327719
'ENSG00000236915',4.488254585216479,-0.06535357825834427,0.011884118503574905,0.005640421318194256,1.1447465145156236e-171,0.5110100462086012,0.00047935210833601984,0.8436571265407362
'ENSG00000172331',6.393279454104791,-0.06720854305305295,-0.021370044532216376,0.0366551353037707,2.016379815261214e-138,0.6456276141516,1.855407499735257e-05,0.6342243170781655
'ENSG00000179583',9.783154572373606e-17,0.22885054940027985,0.015586638960392146,0.0,1.0,0.006718203609807788,5.896501188651738e-08,nan
'ENSG00000131711',12.565760054032728,0.007444442327939785,-0.010924471812697503,0.04587314517852014,0.0,0.9334305332649736,0.000329466659141634,0.6107901134244046
'ENSG00000279598',4.411510954006159,0.20287494198572895,0.014012552154210047,0.10538723432760558,2.9835206435369285e-90,0.0626138563237082,0.00016187212003512203,0.5463747913151329
'ENSG00000174946',4.688408441959202,0.14762286123502147,0.014339948117316939,0.3886770408195262,2.964595141280632e-58,0.14826184707017215,3.741466826206563e-05,0.500819365942334
'ENSG00000248489',4.356546806333341,-0.03007781893305564,0.011121709816247148,0.30086205253682724,8.901683343448508e-69,0.7511207741080608,0.0005761078205782273,0.5059783391251501
'ENSG00000141837',8.767231196792006,0.23611912657989823,0.011313877604828404,0.08590368555894726,0.0,0.022316616698084574,0.0013247477968724806,0.5589727921395666
'ENSG00000174332',4.670437740859523,0.12610118416034585,0.01079838658631814,0.036820816176022717,1.8364557894580284e-246,0.11369707197394976,7.293310420880202e-05,0.6337378224071171
'ENSG00000135697',4.432766870626202,0.1093890341982144,0.01129082426456736,0.06507708767291538,1.3101899456851136e-164,0.20957349245603873,0.00014686133685337915,0.5794063305224979
'ENSG00000120049',7.001193078739546,0.37431311791918626,0.01596175776069329,0.10297903408855096,7.841881866335978e-243,0.0003701933489281193,8.458696996295316e-06,0.547673518345161
'ENSG00000157193',8.882923971818462,-0.2524346744202292,-0.01061096343665377,0.580923192544701,2.0607292319082598e-263,0.0011245016861794284,5.812405938671942e-05,0.4944244146544754
'ENSG00000101255',4.694990471856168,-0.17923274690560406,0.015277830806626537,0.14038483467229607,3.859608971891061e-105,0.07632937678544251,9.307901296256393e-06,0.5316045984303583
'ENSG00000171222',6.845100470555923,-0.22281783362706326,-0.015988312134103597,0.006258509802682574,3.6167538350771456e-265,0.06660696808493816,0.00012142920118005073,0.8426207316285454
'ENSG00000250305',8.619770438445697,-0.258487551854426,-0.009390282087303628,0.029224298009660057,0.0,0.0006894255524008956,0.0003079325169279376,0.6602484731520748
'ENSG00000168291',8.188593507687704,-0.3747419022343625,-0.01673915502292364,0.01742523729671858,0.0,0.0015600773280649933,3.61287841940085e-05,0.7260466790755082
'ENSG00000251417',4.365505179667803,0.15924782287275427,0.012416955177904086,0.2363470937340943,7.430597294961973e-55,0.16567885706747965,0.0015113272916065952,0.5124676331348078
'ENSG00000126391',-8.408127203092535e-17,-0.198943653194026,0.008879799733917343,0.0,1.0,0.007806560049962988,0.00048761751128094773,nan
'ENSG00000279905',4.912015949584105,0.06779251160275257,0.010256793020973827,0.08760071537443322,9.291537235741554e-237,0.37781914953360396,9.1197235782405e-05,0.5576723249237008
'ENSG00000149050',4.93613823748911,0.14323293652225094,0.00931529498859992,0.021087002129446704,7.557637434570905e-292,0.07467303144302824,0.0006974316739709176,0.7010272780012528
'ENSG00000159210',6.7148381188382436,-0.06471375381008403,0.005792861706035625,0.12725222063034042,0.0,0.2260241711928418,0.001475995458508179,0.5362312440552236
'ENSG00000281100',5.216088514030094,0.14927014995786742,0.017092456249977198,0.020959161065290784,7.277587629339073e-182,0.16630408962648502,3.557031905869989e-06,0.7018164402013103
'ENSG00000108604',5.146721531661675,0.030770551708589576,0.01136978210140892,0.12515102465866032,1.3841131979051745e-194,0.7113855921959311,6.052436780787177e-05,0.5370666359974541
'ENSG00000145284',9.360611723860309,-0.010155643237055045,-0.016340258147967916,0.11485326113086856,0.0,0.9061915334289952,2.6667578218399086e-08,0.5415500331611847
'ENSG00000173915',8.92852688363916,-0.38955010757602304,-0.02276834461813689,0.06029703742669974,4.610737170422788e-228,0.00961381293323585,9.142072709639038e-06,0.5706718315066979
'ENSG00000166441',7.600015988299515,-0.054735760711984986,-0.01247204401244284,0.6112869676690498,7.014508546157752e-99,0.6082739436654141,0.0006055077999069526,0.493801370471439
'ENSG00000286457',5.19750023725832,0.5995539856120732,0.016565846229571347,0.07840150654953389,1.1157182509519033e-80,2.7636528666480643e-05,0.0006832916017117204,0.5652959713631481
'ENSG00000142168',-1.79325930560812e-16,-0.42002361026416096,-0.023254441211950264,0.0,1.0,0.009864869045812408,2.7157351109344955e-05,nan
'ENSG00000171314',-1.2278901955274629e-16,-0.28777972693518294,-0.014158218557756954,0.0,1.0,0.007459580429853342,0.00011059347043800415,nan
'ENSG00000100387',8.855090109007229,-0.14548596811474704,-0.01744901419692392,0.07364416432615012,0.0,0.06414014264710573,7.545768685023349e-11,0.5699597601455453
'ENSG00000143951',6.252327997089606,0.134934921898817,0.013421141326754708,0.23262072772448866,1.3783382430688517e-248,0.0780033771288912,2.674426387568098e-07,0.512919343176729
'ENSG00000105063',4.831213887531873,-0.16349246649888596,0.014970170791076045,0.24213178245248748,2.964602339860596e-159,0.025591032459107488,1.977301699555072e-09,0.5117929597986519
'ENSG00000120053',-1.8256863329856858e-16,-0.42835456551650125,-0.016416816019098477,0.0,1.0,0.0017043446438085865,0.0004131668831343427,nan
'ENSG00000184277',-1.1950589454949297e-16,-0.2797565394508068,-0.017020660836393486,0.0,1.0,0.017093266733819317,2.0333368078296293e-05,nan
'ENSG00000197535',10.240185968283257,0.09189560800027904,-0.01097528556416024,0.022660267889422808,0.0,0.08688959928323625,2.2119780005148168e-09,0.6917633190724525
'ENSG00000286334',4.005702397541478,0.331711707470598,0.0130428355615361,0.47165527145913444,5.072959280794951e-35,0.0017747469143495822,0.00030826912582212183,0.4976620020549156
'ENSG00000241472',5.233287931031079,0.02229281162242635,0.010557959551494656,0.17312133117692077,4.12466578404235e-120,0.8240082028366952,0.0019961526312569752,0.5227714873261163
'ENSG00000177733',7.2281768056626206,0.20689482722634248,-0.010021412139733548,0.15251247680398947,0.0,0.002307855371987399,1.4829590230099082e-05,0.5278003109007677
'ENSG00000146469',-3.9663679479262844e-16,-0.9309013754436476,-0.03284511048532736,0.0,1.0,9.5620815326638e-06,4.48855932902538e-06,nan
'ENSG00000151632',-1.5894672213775377e-17,-0.03627696689706451,-0.011453216902698692,0.0,1.0,0.6929218481388981,0.0002505812640001848,nan
'ENSG00000142449',5.747017584057395,-0.2913199588092948,-0.013196259635830663,0.3321340952605779,3.6437160504407463e-99,0.0037387485307203787,0.00011544868946552537,0.5040604622151761
'ENSG00000141429',7.255027721610681,0.032843416832905745,-0.01077754842406684,0.2553472744167178,0.0,0.6005024419410037,4.5570537154163367e-07,0.5103598738262081
'ENSG00000100442',8.899812458454596,-0.22048025156603068,-0.015650058639652253,0.37069364472689814,1.5881353986300436e-197,0.0370338020878233,1.3885567343261489e-05,0.5017550109605974
'ENSG00000277831',4.241861313706571,0.165084482181591,0.012751139116884809,0.05829429513631936,6.999609772678363e-126,0.0886394410423629,0.00011607620539131523,0.5886027869500675
'ENSG00000196090',-1.327240934743741e-17,-0.030400672137729443,-0.008492529095730042,0.0,1.0,0.667291599899083,0.0004204738689576609,nan
'ENSG00000103351',7.046349910814002,0.08595948910895686,0.00804682844577652,0.01218537901376388,0.0,0.11439145082878827,1.5796780002393356e-05,0.7731907418815355
'ENSG00000106588',4.295785901258915,0.07541539966259084,0.009249039860968302,0.06025167127304844,6.339750272533653e-233,0.2923003997021295,0.00015349020583899951,0.5857763162768188
'ENSG00000179010',9.436172624444666,-0.35744687285467486,-0.01739372478790656,0.06123117177633488,2.2480548213674163e-251,0.017968486812688454,0.0007384258100871162,0.5844191853585674
'ENSG00000197024',6.153757871715303,-0.2623225212483609,0.01584926295000656,0.061162502025836396,4.5225524508820814e-262,0.006548452290240494,1.4721839661502238e-06,0.5845131058728843
'ENSG00000170113',-4.2374824856176346e-17,-0.098805292416676,-0.009899927611019496,0.0,1.0,0.13730492358947266,1.2274710941011787e-05,nan
'ENSG00000119865',8.55642642059457,-0.1091285081630926,-0.0160875046514239,0.04005275136096514,0.0,0.28788002666898127,4.4607807397517174e-06,0.6246251593269676
'ENSG00000118680',-1.7425347046292427e-16,-0.40833303605788396,-0.020719210934876317,0.0,1.0,0.009291342508436627,0.00010602432717963938,nan
'ENSG00000235316',4.152478770440852,0.30009230500450185,0.017794533052627372,0.24721534877129056,1.3967656464268055e-41,0.015971092978325833,2.742880536670353e-05,0.5112248220349542
'ENSG00000288049',5.53145054826899,-0.21904106377682497,-0.02121202129330655,0.007363588597746038,7.5772890435884675e-168,0.07522169644984643,5.084575676446913e-07,0.8460887225771488
'ENSG00000112335',8.568166883544304,-0.2653350840980329,-0.018925109856189518,0.0873349798975859,1.9832894380117973e-207,0.06429590109621508,0.00010895654941599292,0.5578731130468919
'ENSG00000012817',-7.055569618874883e-17,-0.159360889381889,-0.06732239217064735,0.0,1.0,0.6679412199926729,1.023711808148525e-07,nan
'ENSG00000140391',9.965404786382647,-0.17542089034419656,-0.009926263379053897,0.20382895355183653,0.0,0.05369260801699144,0.0013553171551624634,0.5169640495964485
'ENSG00000225783',11.390641690451762,-0.12774558270695832,0.012961134093735973,0.07567202235133817,0.0,0.19727903811773684,0.00012532513666401777,0.5678544050619956
'ENSG00000156299',8.641483695818042,0.04507378322087936,-0.010467581394665748,0.14092498862602906,0.0,0.5294984399525104,1.8334062620788015e-05,0.5313982736824054
'ENSG00000233143',-4.705020303677295e-17,-0.11220058358866947,0.013607152790495694,0.0,1.0,0.1974249848715559,4.4125332428813545e-06,nan
'ENSG00000065548',1.5054717778196313e-17,0.03657208790652077,-0.01097411829565688,0.0,1.0,0.5333140715610813,4.017353744511622e-08,nan
'ENSG00000167283',8.295522443287219,-0.22825881113038002,-0.012489240769271402,0.12872359422742,0.0,0.017418769157067106,0.0001351973204071837,0.5357181345829916
'ENSG00000186369',6.875480151213556,-0.01807940075915908,-0.01731481807572556,0.1030255792287537,7.058777958813769e-142,0.8938333537366601,0.0001776823438136955,0.5476476445973679
'ENSG00000134375',8.09647768481131,-0.05377327218876346,-0.01496269496040848,0.1703592420670323,1.473452991300236e-225,0.6346677039743559,0.00010450013238739244,0.5234132051570959
'ENSG00000121060',6.169949775831882,0.06679996313772878,0.010894119145442997,0.2070336630081943,0.0,0.3045124999104175,8.892984789462265e-07,0.5164573766901215
'ENSG00000159433',6.648834713346055,0.01476067705046065,0.012827473653279811,0.20223990113289786,7.558969027415948e-206,0.8740314820364905,5.2659181906416706e-05,0.5172213746773575
'ENSG00000227533',5.621121077444192,0.24839070584995068,0.015486977686476777,0.011363918028282743,9.39252151499543e-236,0.017360410521042084,1.475510137166809e-05,0.7822418172276279
'ENSG00000114626',4.949031013542482,0.11219381545867137,0.014127668866838493,0.1738971392247198,3.2363771859348314e-142,0.1967133242165502,1.8385049525964215e-06,0.5226005713431359
'ENSG00000136143',8.21111875963193,-0.16347553538568207,-0.019085192183058153,0.2364994559090684,6.271706705036536e-157,0.1954190001987206,9.141548374983714e-06,0.512449457168703
'ENSG00000213626',6.320676819408897,-0.2519951892726354,-0.014243434986575739,0.4249877440345341,4.30910216065746e-69,0.039187335282996845,0.0006212501103690185,0.49915635936403147
'ENSG00000134250',5.408073423358283e-17,0.12869027520961823,-0.01291770187097046,0.0,1.0,0.21621712160016027,0.0002665953541101463,nan
'ENSG00000128833',7.458356351320234e-18,0.016543914746153476,0.010094963453845716,0.0,1.0,0.837572180936593,0.0002389118132860422,nan
'ENSG00000167524',6.735154936823362,0.28467973936919233,0.013103034145043614,0.1412851216772459,5.674650065325468e-248,0.0024046619745533037,4.1542965211420084e-05,0.5312355852905837
'ENSG00000172922',6.92383416393624,-0.007961645943689142,0.010052430326817024,0.23291282073322,0.0,0.8928822306765282,6.029606643880957e-07,0.5128834283987307
'ENSG00000225683',5.100570817165834,0.27307637264318857,0.01824533381515325,0.004325631218024668,5.456079097685232e-185,0.011823342339603943,1.0664225462097896e-06,0.9154103376995545
'ENSG00000152932',2.59150335005926e-17,0.06263416913097825,-0.01572777159550624,0.0,1.0,0.5086460714188705,1.091133415410235e-06,nan
'ENSG00000224153',4.726402086837116,0.11249211543216611,0.011752171190481333,0.004179065453379166,6.606341746468679e-195,0.2515268520920414,0.0004992026399862053,0.9105659483038202
'ENSG00000119661',7.162516441631297,0.12536659753429635,-0.008002653001495766,0.18424359331397158,0.0,0.06340630812270993,0.000506165801929799,0.5204992897204117
'ENSG00000284052',5.428717406074513,0.31051773353111506,0.00858647039028806,0.5861416189679242,3.2726378157642997e-97,7.181238742159049e-05,0.0012663474266601169,0.49395685584051696
'ENSG00000122705',8.453858742685226,-0.11812817636261859,-0.013819902568912232,0.13276064947967378,2.4863990533928536e-239,0.33097402777012397,0.0008476393546842909,0.5342394046270933
'ENSG00000141696',5.274301206572029,0.1997323796987272,0.014447112590556295,0.019173943338299314,5.5024796236473955e-223,0.043236642685343545,1.9064459199628106e-05,0.7134142280893703
'ENSG00000119632',6.141184310005581,-0.16709373569056385,-0.013805563767452672,0.25607089422437784,1.3146971124107384e-201,0.03979159259156673,6.167286335254676e-07,0.5102853524544289
'ENSG00000198692',6.2506290530271675,-0.05327118811906248,-0.0305789190218229,0.012332549365920648,9.872489122021654e-100,0.7661695303023981,6.135961210977179e-07,0.7716019053660466
'ENSG00000232739',4.388338411581683,0.0833265900140026,0.01109638101779451,1.0439792570338042,2.508894132913313e-23,0.42742432192572577,0.0019130096249673778,0.4887207774626079
'ENSG00000184983',-1.6569940382530833e-16,-0.3884756468690615,-0.01785157696030845,0.0,1.0,0.0014441224211113326,1.71182435751597e-05,nan
'ENSG00000265590',6.001110195307307,0.3313627520349603,0.01695358576919801,0.7047589600153753,1.6409044003193186e-59,0.001353434784278757,1.4790217825208657e-06,0.4922880492042703
'ENSG00000109680',6.386489610710473,-0.05166318266182095,-0.013389976815850075,0.37671618293146003,1.9560199991790137e-196,0.4947324288889354,2.042935203575116e-07,0.5014326403856408
'ENSG00000279894',4.19833366373642,-0.12292592940473439,0.012693833178718155,0.1332914672984665,1.0950633812965995e-86,0.22325869871917858,0.00022442953246615776,0.534037297096653
'ENSG00000172828',-4.819367408200766e-17,-0.11478332601039624,0.01251645002265914,0.0,1.0,0.14012139514692665,2.3017611345383487e-06,nan
'ENSG00000140950',-2.1374693513124026e-17,-0.05136549385993518,0.010061172437288629,0.0,1.0,0.4987383935746933,9.957036038700093e-05,nan
'ENSG00000216901',4.741001106957485,0.2704533771083307,0.016955876811418566,0.1278985130347145,7.39227073916741e-47,0.08666666883364439,0.0016262389386212381,0.5359894146884221
'ENSG00000113575',9.258192210098677,0.09645606114820961,-0.01615497274611281,0.01946648105451833,0.0,0.28823383715283146,1.9774784586827479e-07,0.7114397029609102
'ENSG00000172426',5.367188339463173,-0.19295348864634818,-0.009803416758397807,0.031115307044572743,0.0,0.016275875350348464,0.0003522969868216395,0.6528002145975762
'ENSG00000156515',8.90652722770944,-0.3147889627015061,-0.01135621338238716,0.41285886070040456,2.2009486802805065e-207,0.0015493153116951511,0.0008008986775579565,0.4996807592129997
'ENSG00000197375',5.760771238774958,-0.04546451330714532,0.012260404314043755,0.31647643020945526,1.2608731648402883e-149,0.5838954122328965,1.4521902919247123e-05,0.5048174129441889
'ENSG00000176845',5.148070813668342,-0.03419871679778808,-0.010758320250731796,0.5683153612410451,2.7507819754754654e-82,0.6756178807712052,0.00011103948510362759,0.4947241654669987
'ENSG00000241007',5.198135943008825,0.2934800415889014,-0.008392557774692977,0.027905006152824298,0.0,2.533882264200618e-05,0.0004236315901698507,0.6658727723654689
'ENSG00000287829',4.886019850181768,-0.11120646355887481,0.01188591745166172,0.05052562228575761,4.679431876698796e-195,0.22159736983419798,0.0001292691102110366,0.6014856935453248
'ENSG00000153574',4.938482557732486,0.040699558272028036,0.008950030577012123,0.14881199711722243,3.806197622116994e-182,0.6083602167561045,0.0009454337766667134,0.528810997975754
'ENSG00000108384',7.618643982295999,-0.3212949139606369,-0.0198458828631747,0.10231494300126596,7.859902608924605e-235,0.005813964125033494,5.827945792761939e-07,0.5480463111074207
'ENSG00000176641',5.458218912825146,-0.06555241867100461,-0.013558391846571982,0.28367154423143703,5.003327614551118e-106,0.49915027129843637,4.0742625957550676e-05,0.5073977103303116
'ENSG00000136158',7.577426753509533,-0.12482143160927078,-0.014795662848353127,0.12901152179221512,2.9977945884675907e-224,0.270365828143616,0.0001265884396097462,0.5356230689808339
'ENSG00000285770',5.396645245951623,-0.35247210305816995,0.01838151845791085,0.2438807575847833,1.0275333118866892e-74,0.0033190359525224634,6.958136049320268e-06,0.5115949786185798
'ENSG00000182568',-1.5654826666887705e-16,-0.3669674754311469,-0.0173953592513421,0.0,1.0,0.0005302733779430579,1.4069358225414543e-06,nan
'ENSG00000245213',4.260562031613799,0.11644397829380626,0.011730019021898859,0.15828098362789983,5.138361045388765e-124,0.1559367625793207,2.7406630762003485e-05,0.5263034561567563
'ENSG00000169021',7.573014901180393,-0.37931476077012866,-0.017333759300166646,0.0040194848553266865,3.3251838127408904e-251,0.006183553901031098,0.0002713377647443012,0.9061804203585649
'ENSG00000235595',-2.97065792927442e-17,-0.07121058492581452,0.01223453346968752,0.0,1.0,0.5002898931067751,0.0006710041868037486,nan
'ENSG00000182481',-1.1498089247202434e-16,-0.26906258114062986,-0.017374322163575977,0.0,1.0,0.041030786071969916,0.00010662317682421627,nan
'ENSG00000104904',9.58002467891862,-0.21625363286503285,-0.01475312137758357,0.04477840961187869,0.0,0.024033690625033306,6.489282533634732e-06,0.6131901548806982
'ENSG00000260816',4.774812333954609,0.41073358854941,0.011649628810754197,0.00636041737359828,3.680136209967791e-275,7.791066884281018e-07,4.2926969866935687e-05,0.8426590213378213
'ENSG00000100263',-1.0097533696760094e-17,-0.024630120882845934,0.008351071786868619,0.0,1.0,0.7144181016393977,0.00026846212347132503,nan
'ENSG00000188211',-5.237633249530556e-17,-0.12454676209260737,0.011645210851794058,0.0,1.0,0.1391690315839771,4.882147237438868e-05,nan
'ENSG00000108946',9.289397191103381,0.0972180737779195,-0.009245548666977629,0.08265130008817473,0.0,0.12583976762028007,1.9670512110508435e-05,0.5615925608277341
'ENSG00000152795',11.164768774025939,-0.3071074545117925,-0.010332429024659409,0.08923731296752808,0.0,9.954890752012977e-06,1.3057474403887975e-05,0.5564587113523103
'ENSG00000175348',-1.0284185806713781e-16,-0.2407337228437813,-0.014777983519362322,0.0,1.0,0.06058371260872228,0.000716326857915686,nan
'ENSG00000145014',3.3877374142253075e-18,0.006494206216007861,0.014650871951372301,0.0,1.0,0.9384453662840051,3.108833608453602e-07,nan
'ENSG00000155886',10.316141622952046,-0.1512924055206054,-0.016029425031829105,0.003954699347876468,0.0,0.07990831440341876,6.5719551808338e-08,0.9046360763000335
'ENSG00000123411',5.926831961995922,-0.04355567922262025,0.008330924529121802,0.12353697443093023,0.0,0.493189953196553,0.00012053497735645286,0.5378719607689655
'ENSG00000248483',5.219030359148353,-0.16100884964684253,0.011634256238878423,0.5629943786630067,5.939793700411095e-63,0.09149079227538698,0.0003430119338817403,0.49486054132116275
'ENSG00000104361',7.391820436396876,0.024437000968299573,0.013917174250585685,0.37318151597030386,5.2039868819515024e-163,0.8001891822759071,2.3185421607037235e-05,0.5016207066870391
'ENSG00000206159',-3.1237407242520394e-17,-0.0707967829602722,-0.02741578604334012,0.0,1.0,0.7203931844585549,4.682886973199442e-05,nan
'ENSG00000196352',5.983711720148316,-0.021023335784574188,-0.012771384125471262,0.11097108315737124,6.424322001387879e-188,0.8348313028724339,0.00020277744734215804,0.5432479064927543
'ENSG00000267199',-4.4637937379720706e-17,-0.10646782711206844,0.01310455111361,0.0,1.0,0.12912577806256234,4.1125419563579986e-08,nan
'ENSG00000161547',9.390093469588711,-0.4034327737380609,-0.012124532551346144,0.021131199345454838,0.0,1.5218332478933966e-05,0.0001434310164756417,0.7007556846712283
'ENSG00000121716',5.450544486398555,0.13301380814879915,0.016505758524751984,0.026533498328704462,5.041380882560632e-118,0.336534052309844,0.00048339454126345853,0.6719759461591088
'ENSG00000006128',9.279489868638782,-0.3601044812553512,-0.03309517618889701,0.02355727197878142,4.6433154927530635e-158,0.07847968375951282,2.2342828482613787e-06,0.6868072244242285
'ENSG00000204131',1.7092834767681202e-17,0.03875150638456875,0.014882032151685333,0.0,1.0,0.7581419633245907,0.0005144955175472038,nan
'ENSG00000287983',2.5295639503866717e-17,0.05825954075837419,0.013034413343365504,0.0,1.0,0.5560805422173082,0.00010967211176386539,nan
'ENSG00000280157',4.6989241239073625,0.0009411542085100795,0.013079494025754498,0.0045264641880971195,2.6908093171320403e-195,0.9922459878261863,9.494733901213545e-05,0.9235922796919787
'ENSG00000186577',6.942849204658653,-0.27693755450081914,-0.00951293375632013,1.2818714089709349,1.7994634999714702e-67,0.0014765068694079881,0.0013409658085026014,0.4869900344203901
'ENSG00000150787',7.580497819147616,-0.3570322569938494,-0.017689169985287547,0.02126429656141803,2.3688144931512436e-271,0.005267955196496173,5.269729804155253e-05,0.6999416550776276
'ENSG00000151692',7.710479171512862,0.24984289514016364,0.009470450402543962,0.004448696440484184,0.0,0.0005604468213709036,0.0001532504299496957,0.9201854362438664
'ENSG00000175175',6.945749901459631,-0.28157869086741316,-0.016389235268529857,0.10476165831448842,7.875446549206472e-190,0.016768109711388663,4.440980797440157e-05,0.546707269261912
'ENSG00000173848',1.1069693806643652e-17,0.02745155073511945,-0.013595268879692932,0.0,1.0,0.7755415435768003,3.36320777646182e-05,nan
'ENSG00000124802',6.563038428788013,-0.13792592728232483,-0.013560684439021909,0.10243572163296633,5.25500007145345e-237,0.167235114571485,6.809317943486886e-05,0.5479780165999445
'ENSG00000164898',-3.714013379503369e-17,-0.08647680142143047,-0.009888052410764151,0.0,1.0,0.20917682979946461,2.4712888897379273e-05,nan
'ENSG00000165782',3.368382188974654e-17,0.07839353774693004,0.009319168501125607,0.0,1.0,0.33954448591380515,0.0008544800363051606,nan
'ENSG00000128422',-1.7527907007550883e-16,-0.4113505596831253,-0.01478229380947774,0.0,1.0,0.00027524849919596263,0.00012343539044105918,nan
'ENSG00000166794',7.214278270363179,-0.2898171387239782,-0.01706255726791918,0.020582894848379156,6.006215487738432e-194,0.044913137574437025,0.0005541478780059159,0.7041692286604193
'ENSG00000104341',7.50459889537648,-0.3351814083121352,-0.014843261027837338,0.05319808039119583,1.0036147633148332e-220,0.010224614568782596,0.0008603754084571515,0.5967190330119567
'ENSG00000235194',-2.805501593425811e-17,-0.0669437395939809,0.008517743732874936,0.0,1.0,0.2260254910589482,6.063067559835827e-06,nan
'ENSG00000230454',4.205953174095929,0.14483691857272832,0.01537667576931046,0.10257952836403542,1.5476030867145154e-98,0.14683081469034184,6.2517822902942405e-06,0.5478969833692101
'ENSG00000233321',-2.0379355562506263e-17,-0.04950488234504566,0.014833522599440655,0.0,1.0,0.698255376765103,0.0006456344876621047,nan
'ENSG00000204536',5.5706558483805315,-0.06616487604603745,0.010146656051851105,0.003965827398810516,0.0,0.4324564844763663,0.000456709283624221,0.9048921856473829
'ENSG00000110700',7.320322381705841,-0.2782641100819984,-0.016699282588339016,0.03280788746256145,7.801802901262114e-257,0.02429678128132869,7.578709062936617e-05,0.6467274749080495
'ENSG00000170017',8.67033841678493,0.0126422233639943,-0.018555471387278588,0.2114037673748339,0.0,0.8966363724544509,2.1909684041925925e-08,0.5157917555474003
'ENSG00000203286',4.1464363735220005,0.21479429309641984,0.009845528098975523,0.6799196312682748,3.9549280361654716e-39,0.017142486168937907,0.0013357787901285632,0.49265754149813346
'ENSG00000144381',8.459631633908742,-0.06184575498590125,-0.008269076744695859,0.0386220433325132,0.0,0.36817618260219653,0.00042555333061901546,0.62846950832956
'ENSG00000178980',8.998083062559097,-0.05605401710160391,-0.01769834821937392,0.16622659748960178,0.0,0.5680605844601379,1.2264422847976296e-07,0.5245373960512141
'ENSG00000286781',5.023424501802446,-0.12421182164413272,-0.011203640343153388,0.11746845456907284,8.741790915320998e-119,0.23952714972782407,0.0018577329326753685,0.5403303097350846
'ENSG00000197756',9.276195907236215,-0.30383651362909303,-0.012504494371886141,0.5959908276729766,2.146017517781573e-131,0.0076448034748237735,0.0012673302368461715,0.4941008523874959
'ENSG00000179603',5.922057828654672,-0.21508878426053593,-0.012811517491656058,0.021134056307509537,4.2681387371793196e-266,0.03318530515678714,0.000206864984635187,0.7007381504583766
'ENSG00000158050',6.569527437147495,-0.36485941433173075,-0.013394591190176778,0.2834509809665689,1.6950718906114542e-113,0.0012176067887685112,0.0004905384543731129,0.5074169905274393
'ENSG00000149806',7.720439708957026,-0.3562418669132535,-0.021251441261222557,0.3542913769264387,1.848433411234857e-93,0.00889108474771257,4.611120730710733e-06,0.5026822724316908
'ENSG00000169242',4.460633812158071,0.127274740436826,0.011903052904452512,4.604582984276575e-09,4.922220960447146e-159,0.19405060940896646,0.0008931676757959797,0.9999999491999337
'ENSG00000285796',4.804019795680981,0.27435036042310024,0.0141069394182482,0.030899835282101527,6.129167812084895e-130,0.017007092411763076,0.00032788217484844116,0.6536204634507368
'ENSG00000112511',6.915551523454255,-0.006197725952938131,0.010697401414417424,0.041667785562121806,0.0,0.9348666194814865,3.60266402527708e-05,0.6205086536477058
'ENSG00000150873',5.11883576741828,0.005673950086828274,0.007885157247167582,0.07603269332258179,0.0,0.93485777696015,0.0008674476842149906,0.5675130364837184
'ENSG00000272752',2.1772625318425442e-17,0.05030674037376805,0.009628762196273804,0.0,1.0,0.5407494894940887,0.0005849088591531707,nan
'ENSG00000109255',6.507494244899001,-0.42520731510452997,-0.029860562833147402,0.07137962928977559,4.810772471065136e-162,0.0008409156576988234,6.2313231548168435e-12,0.5722061275439534
'ENSG00000170091',9.538927290517277,-0.1818281995031052,-0.014202945853323741,0.14152044473965344,0.0,0.124889618954005,0.0004365267803858745,0.5311436100607594
'ENSG00000143612',8.398602867680204,-0.30175674798526697,-0.01630683988944102,0.011573493783520348,8.923117296790996e-275,0.03655105099563358,0.0009664878262258991,0.7798814826127354
'ENSG00000181031',2.838581719214159e-17,0.06549058205633114,0.013503040054393503,0.0,1.0,0.4863334897606527,2.491128409631348e-05,nan
'ENSG00000107758',9.23686601397055,-0.071042448612399,-0.010292922530892567,0.004150463349658271,0.0,0.3060760737169913,1.6284170302019813e-05,0.909715625547569
'ENSG00000286431',4.461987769174512,0.3988958023901287,0.01170269844950793,0.05802329964229241,2.4642048946668847e-146,2.451700911085417e-05,0.00028592146267290944,0.589006730114137
'ENSG00000120903',6.412390582165794,-0.4392946717380345,-0.014819102371743144,0.7096279180670965,9.791787551666173e-68,2.0309731864293105e-05,2.430615272573436e-05,0.49221744785805455
'ENSG00000240204',5.518641921190461,-0.053438994103841606,-0.01367556511619434,0.41749413880436326,6.375425569122473e-114,0.520434118838115,1.3749780342185378e-06,0.49947685928503316
'ENSG00000227123',4.19533981650624,-0.10784690015049893,0.01270859604610319,0.21771790520968,7.500202843791333e-98,0.1989726783682575,8.893504709829917e-06,0.5148781107548389
'ENSG00000241449',4.532637426618715,-0.0492182911567725,0.010716805451995508,0.09677168779509641,1.2843451539996169e-163,0.5580970568804975,0.00018394751723982365,0.5513965326024866
'ENSG00000222810',4.172962053294977,0.23840728298931205,0.010399226425273994,0.21566919106166058,2.8493321861146706e-100,0.003939944704817693,0.00022356654336247515,0.5151686012185945
'ENSG00000106113',4.674436910617695,-0.09318779558793955,0.009368344439946372,0.05856171590534822,0.0,0.16028829190974803,3.518441964658294e-05,0.588207289177817
'ENSG00000205659',6.963398958873371,0.026367124877098653,-0.011092376227560378,0.11048983724726222,0.0,0.7425805230926649,5.057474780128924e-05,0.5436544727544061
