gene,coef_Intercept,coef_diagnosis,coef_age,pval_Intercept,pval_diagnosis,pval_age
'ENCODE_ID_6146',7.1359072019345575,0.04935047301003648,-0.009029999666761213,1.2031458673090411e-32,0.7243290553535733,0.029659730265558133
'ENCODE_ID_101928836',4.6753359935420535,-0.03815000865755713,0.010539461102412813,1.029442823007454e-22,0.8062369232540438,0.02278545269945322
'ENCODE_ID_10459',5.925916784381453,-0.4017857096135151,-0.014602840363048507,1.1577570063481797e-24,0.0270216904689902,0.006197144254624235
'ENCODE_ID_8863',9.192351473632172,-0.3258394059955106,-0.011089385500777166,4.423246963949858e-37,0.027230581279312858,0.010117261066639273
'ENCODE_ID_11123',6.159214884981318,-0.042824717264044354,-0.011569018060143228,7.349654687482083e-25,0.8139857673566118,0.032133881304707027
'ENCODE_ID_6007',4.949279022154653,0.08317753300522507,0.015995284347385348,1.273983068749091e-18,0.6902740307153983,0.010549828578476248
'ENCODE_ID_84301',8.581648714044949,-0.07625457916958644,-0.005972025227471412,3.6548879602480686e-44,0.41933476025254857,0.0324249573048843
'ENCODE_ID_51058',6.574264430266235,-0.23037162207150486,-0.013155544689956169,1.1650665801861768e-29,0.13027093725053326,0.003877724481217363
'ENCODE_ID_65108',6.065601775383682,-0.1639899970685505,-0.015439042715372558,6.1445029027541026e-24,0.38616394806693044,0.006555473522331713
'ENCODE_ID_3925',9.591865618996325,0.1477213835410216,-0.009687950462564562,2.3475534806131842e-36,0.3446348502100184,0.03565700932500693
'ENCODE_ID_22887',9.435534386093195,-0.07952854688041733,-0.010969411364708933,9.693546679810614e-40,0.5384972093100622,0.004904843038562682
'ENCODE_ID_81629',6.2029660668287,-0.11006573206413717,0.00970362699719797,4.5990754087083063e-29,0.4535277605763529,0.025804918363360685
'ENCODE_ID_149483',4.945882274700909,-0.29107506486840273,0.010428518149509854,1.554918540585563e-23,0.06883028441680034,0.02562813121874334
'ENCODE_ID_6202',6.893084345767086,-0.3352336589639041,-0.01473313435804419,8.447746031303642e-27,0.0724560458881431,0.007589373189344921
'ENCODE_ID_6491',6.2088834963829225,-0.05617253734230432,-0.01238777304300107,8.302653615745029e-26,0.747303646506094,0.017228125954587434
'ENCODE_ID_79654',7.822682645976905,-0.7212613045585965,-0.014687904791719601,1.3503811102313347e-28,0.000376365308870744,0.009708577651119857
'ENCODE_ID_11124',8.811712929306125,-0.17296657868249277,-0.00841706698187179,1.4630134031290473e-39,0.15929159658505937,0.020193063127644333
'ENCODE_ID_3652',5.75529006442974,-0.18196778843581518,0.00827800155621358,5.199651535687758e-32,0.12316497254237938,0.017315389760732332
'ENCODE_ID_84251',10.157160299666533,0.12118223067308809,-0.008512229794270118,1.5904633249647372e-43,0.2946985485507036,0.013344140117544038
'ENCODE_ID_1733',4.620548761518956,0.11943768258837922,0.012126577712495827,4.634723175866162e-25,0.3783709467459747,0.0030929038882016023
'ENCODE_ID_7804',9.362645667455649,-0.3077244627299024,-0.01005876143466166,2.2751035854207829e-38,0.028804112796656386,0.014197534372012623
'ENCODE_ID_84950',7.782047589754912,0.21355571698424114,0.008626202247004226,2.656963925773782e-36,0.09641433381913017,0.02207983676162901
'ENCODE_ID_101927139',6.204671941902109,-0.1222993393676991,-0.012118280296295086,5.732266402082185e-25,0.5031571905425616,0.025341125787238735
'ENCODE_ID_54810',4.312160875207267,0.16874967959302317,0.01141012594226119,1.2180943524440067e-19,0.3262810039356785,0.024892191792159575
'ENCODE_ID_105378808',5.709603581889111,0.3542522249757957,0.014123471806029993,1.3217781193114765e-21,0.08457962596943913,0.019115997233757585
'ENCODE_ID_255631',10.662212788410507,-0.44173258048164266,-0.019536163248539913,2.1786721206517797e-29,0.07908327096321284,0.008596349002769243
'ENCODE_ID_1301',10.467660499836455,-0.2531134018351041,-0.013719890727820242,1.3127622511350112e-32,0.22182615811425896,0.024817444850984322
'ENCODE_ID_57489',8.824403940518879,0.3899627967066156,0.010900983710038496,1.3022881263353046e-35,0.01127584037648362,0.014177941884460359
'ENCODE_ID_51205',6.97917697285803,0.033954387513672635,0.014330405270074259,1.1353693127293755e-32,0.8037426905939216,0.0006687711844198121
'ENCODE_ID_343263',5.606868390519742,-0.16159932692973533,0.01437602265829933,4.413052838544219e-28,0.2495857632893887,0.0008038677026494747
'ENCODE_ID_7482',7.034657098454245,0.14849739955521835,0.011503436950871583,1.1280591839143384e-31,0.3082572752164009,0.0082853650545628
'ENCODE_ID_6566',5.692844908448651,0.09386708767140023,0.012228005442358168,4.826541754950104e-25,0.5736008250129727,0.01407166533677991
'ENCODE_ID_54460',7.0374174939286895,0.00446771269601326,-0.01102349314643588,6.276128772856619e-30,0.9775471348747495,0.019826909740801903
'ENCODE_ID_112268235',4.265009064986021,-0.16507191045968128,0.015654635218052354,5.380012815521291e-17,0.4074970375661374,0.008692852880736695
'ENCODE_ID_4853',6.99251278675179,-0.13020139409862352,-0.012399331240351249,4.317756393234755e-26,0.5015293379218846,0.03067340530956951
'ENCODE_ID_7062',4.908258752595944,0.2658891604336034,0.013655512164604765,3.214483147736182e-18,0.21338682922225993,0.02998702174671659
'ENCODE_ID_9181',8.852574625719631,-0.26114386113730825,-0.012831259643503339,5.3962175135604994e-34,0.11157028967613024,0.008371803255007984
'ENCODE_ID_55811',6.0540500030803415,-0.2612211388327522,0.013559135738594458,2.381401759958388e-21,0.2332414918955255,0.03545005621345433
'ENCODE_ID_5451',9.54684471672184,-0.11615644050616503,-0.008181341791906127,1.7132749537140816e-41,0.3338206313636206,0.021620255248874454
'ENCODE_ID_107985263',4.67395543525307,-0.05343086536991665,0.009929175833512393,1.3468302645174173e-23,0.7182512895396271,0.024130059250408068
'ENCODE_ID_654790',6.546450790377337,-0.13089953484697964,-0.014172967462854945,1.103174811514392e-24,0.5036484673701311,0.015153229952738186
'ENCODE_ID_105371630',5.708781810739747,0.20310793378995362,0.011429452215934036,1.422564522871535e-25,0.21441860841054428,0.018210204816385345
'ENCODE_ID_6646',5.863844597496801,0.2990736744215319,0.009676713361907268,3.7151697826352776e-29,0.03405675677809173,0.018497505566083094
'ENCODE_ID_339479',7.644715211466028,-0.05779386823605326,-0.007797366653261648,1.3440035368228839e-39,0.5836837768478909,0.013328072359056559
'ENCODE_ID_441124',6.598379277664669,-0.3495613841507465,-0.013096055671688646,1.4578855995055048e-29,0.02494762927553806,0.004331057345620524
'ENCODE_ID_4139',9.054894774308085,-0.055483368439218195,-0.007821970975810076,6.078271824765122e-42,0.6173452138986953,0.018079091720861126
'ENCODE_ID_55733',5.847648573423816,0.028607382551807115,0.01070948580725249,2.79860574048626e-25,0.8654902146939543,0.032545410051309946
'ENCODE_ID_7399',5.1127920918450975,-0.16497355651905554,0.011571075536324025,5.759199870019206e-25,0.275039333911646,0.010218672162149348
'ENCODE_ID_7159',6.022239952828241,-0.17273816334465764,-0.013393577596456136,3.2348506628760254e-26,0.29889539842980273,0.007125953537650707
'ENCODE_ID_57568',8.500564750643571,-0.30559052398255854,-0.00913173778698524,2.1879200290645107e-37,0.023154757341691763,0.019267621056045067
'ENCODE_ID_102724100',5.989601230594641,0.00943117864306442,0.01216261972813147,2.5111380793205395e-23,0.9609267468659929,0.033183367420074786
'ENCODE_ID_105373218',7.574427729106108,0.24179521878654375,0.011937428882360584,2.0578344217625625e-29,0.17262305680666043,0.02236217300022532
'ENCODE_ID_6894',11.2461324272877,-0.11538488836705074,-0.012684594355476846,4.531882111946236e-35,0.5541572844940584,0.028302333742328014
'ENCODE_ID_6905',7.6808366380473085,-0.01037573833105776,-0.004882001927403236,8.947789496321167e-46,0.8938302743210134,0.03420156802957969
'ENCODE_ID_148789',7.852059847856393,-0.07263854417296617,-0.005933167292483612,3.810625173971261e-45,0.3776592856184121,0.01544614198741342
'ENCODE_ID_105379521',4.472559078460966,0.11946536669943669,0.010894614720296935,3.3179170281590855e-21,0.4621188865624034,0.023808831681764654
'ENCODE_ID_28951',7.500372350577541,-0.4725889936714972,-0.015712796126334264,4.148066215722684e-24,0.045175278780734476,0.022274176014958104
'ENCODE_ID_4548',10.132506557591912,-0.07951089944602097,-0.006421845747542017,6.084569678506204e-48,0.389867165783909,0.01935938954828837
'ENCODE_ID_114548',7.13239127316581,-0.5539435429661831,-0.01783011999941714,1.2821845329510116e-24,0.012157969491757842,0.005648867440781242
'ENCODE_ID_3398',6.811187701553397,-0.41110019682662385,-0.012660931813676309,3.159110495358532e-28,0.017621863855283852,0.011876759394553306
'ENCODE_ID_729475',5.6005099895676995,0.4021992345997518,0.013715974750790037,9.184968122886052e-25,0.018924268859524564,0.006230135904186139
'ENCODE_ID_6868',8.581067888829095,-0.05461211846860359,-0.007738662245834893,9.312480474378534e-40,0.6417535750501597,0.026400700953504726
'ENCODE_ID_151449',6.807152141641278,0.047968654087909623,0.009674829138614165,6.694381216176708e-33,0.7158015809287888,0.014012558305628475
'ENCODE_ID_10113',6.918631552203626,-0.4526934746226405,-0.014376720925047073,6.4144633560504064e-27,0.01644663710186098,0.008888723304215073
'ENCODE_ID_90423',5.787902661561373,-0.21858899142221072,-0.012357459152390362,3.744368057976737e-28,0.1318930645162806,0.004370809012230025
'ENCODE_ID_23683',6.550666699066269,0.32844546680090203,0.010479778108014188,3.8677916072794114e-29,0.03722234240253396,0.022284277537958228
'ENCODE_ID_84695',6.138303064588663,-0.24204937282126457,-0.010947793321649147,1.939647428758638e-32,0.05112797492363737,0.0030226859451603764
'ENCODE_ID_388969',5.998039077166862,0.023233562092697335,0.012293890037364542,1.7448988808482022e-25,0.892115799626239,0.01625135552542474
'ENCODE_ID_9378',11.226396782741206,-0.06905085097736152,-0.007332213172482099,1.1422644451917476e-49,0.4624260824250236,0.009165976040805055
'ENCODE_ID_55037',8.113203278221413,0.08306475481585851,0.004835906238450649,1.896136849553755e-49,0.22856870731353698,0.01789891331445545
'ENCODE_ID_112268415',5.854553746212677,0.3085428421887983,0.0115385141315138,8.18351282800154e-28,0.040974333038142914,0.009233587638614623
'ENCODE_ID_150568',6.384611356583042,-0.27175458038386957,-0.011448852582718237,2.516133667328658e-26,0.12361113970191415,0.027054810857974825
'ENCODE_ID_10097',9.370693604021229,-0.10571874067361364,-0.012538834903566458,6.203483653551208e-32,0.5795345270026764,0.026792686371412314
'ENCODE_ID_645784',8.316682908762886,-0.10358779921799965,-0.010696145424426668,6.750224476627299e-32,0.5416439973215798,0.0332716864131406
'ENCODE_ID_53335',8.829906034351346,0.05573786408245551,-0.00923771650709138,1.6030987157852278e-44,0.5585648743748344,0.0014943178447930708
'ENCODE_ID_7549',6.359835159104109,-0.3867636763889736,-0.00967949385180892,1.0889029925140534e-30,0.007012624036638436,0.018596208214875846
'ENCODE_ID_151011',5.9138054233416515,-0.22929741101826834,-0.010900856682082797,1.6851506337891171e-28,0.11556810733017543,0.011408577088194654
'ENCODE_ID_254773',6.660730011039979,-0.0064089770765078935,0.012098721389690651,5.436911919995577e-30,0.9658648469484375,0.0072758439106133
'ENCODE_ID_5455',8.309549630129723,-0.1441974540168796,-0.00850697063687832,7.036225212250102e-41,0.18327780021971563,0.008370004142377426
'ENCODE_ID_84172',6.975954759614368,0.0843441350532923,-0.010856981999957842,2.4459555959815426e-33,0.5235400124876496,0.0063311491210875795
'ENCODE_ID_101927764',4.8515758085451,0.09094421516576534,0.012589639483878418,5.318261644546724e-19,0.6494247168692135,0.03367492004167308
'ENCODE_ID_254128',5.813618699257325,-0.080860371390096,0.007505250212300382,3.58494328156887e-32,0.48963885117374606,0.03035038204621336
'ENCODE_ID_130013',5.608818930577598,-0.08140102272685307,0.01116126543425238,6.330840315544574e-28,0.5632304554016487,0.0082619263505726
'ENCODE_ID_100303491',5.608780424225226,-0.15491147053600052,-0.01067296277497669,2.958083020950518e-26,0.31597630761130024,0.019794374194417225
'ENCODE_ID_105373673',4.578113703925419,0.2998945957873033,0.014146923067331868,3.548405589785307e-17,0.15914869394818995,0.0240601677938829
'ENCODE_ID_4929',6.4785703833648185,-0.21588648592892043,-0.015525389264916492,6.429241908463062e-26,0.23580492636838266,0.004506333056872776
'ENCODE_ID_151531',5.699175789834166,-0.0756305896593224,0.009313116838839341,1.3724367633677504e-27,0.6034784568877192,0.030940345544022155
'ENCODE_ID_8604',8.276864962905172,-0.29331765984468633,-0.011405447989298267,1.2070434190821457e-32,0.07545087319363336,0.018414144109249977
'ENCODE_ID_85461',6.8789161516681485,-0.09365400997682816,-0.012252938615718722,1.2503898753764942e-26,0.6126146456505834,0.025686376136887616
'ENCODE_ID_22925',7.264838600064205,0.1417336374111161,0.009341403927546949,7.533268987740062e-36,0.24444628978480862,0.010015635237977072
'ENCODE_ID_91149',5.926692842334426,0.29577741947141345,0.010589913716381716,8.270861239610933e-28,0.052465003244821146,0.017577751981897653
'ENCODE_ID_57520',9.730993775840322,-0.2949810153546895,-0.009805821523280233,1.361302398857594e-41,0.018285391226509386,0.007236056786329207
'ENCODE_ID_285025',4.801074480536622,-0.023525606644402952,0.01960937543390643,3.15655993810527e-16,0.9201408998495125,0.005617782188129315
'ENCODE_ID_51776',5.183851224144775,0.4528051520529822,0.020684871283729252,2.071142064828705e-16,0.07545644268018603,0.006149531541905727
'ENCODE_ID_1745',6.93294673643897,-0.2568390901038918,-0.011750563943815922,1.0048683202777313e-27,0.1481289442017782,0.024495492754327934
'ENCODE_ID_50485',6.953319749446977,-0.2735616509955074,-0.012639363937368264,1.9088943735548317e-28,0.11144878419005674,0.012757674963227368
'ENCODE_ID_107985980',4.704202732493436,0.20083770983527238,0.01900372155503834,6.122277702012837e-15,0.42348497174808164,0.011228644881570429
'ENCODE_ID_117583',4.932837601227281,0.30699303421672003,0.012623787536614592,4.7994929366647704e-21,0.0935436458175297,0.018891286344321127
'ENCODE_ID_5270',7.806453437354311,0.34856096657278135,-0.014549160685156009,4.865052160565301e-30,0.0511280548267471,0.005870462404711832
'ENCODE_ID_100329109',5.099183285188008,0.18574022959495895,0.011126492403347515,3.136643759352109e-24,0.23707863288113604,0.01683982897063869
'ENCODE_ID_92737',8.030040184249298,0.06874121641193942,-0.016467573668863183,3.8045866910021185e-24,0.7805840709514731,0.0248093039629849
'ENCODE_ID_55619',8.58799945058803,-0.05387364714180465,-0.012559461239832728,1.9138977157244944e-33,0.7389024042341703,0.009596584070634587
'ENCODE_ID_200765',6.840489603153102,-0.20278902292685558,-0.014915784661060399,4.866690120479288e-28,0.23753895626348687,0.0038564217080706465
'ENCODE_ID_151174',4.718568180796131,-0.18408531588818258,0.009945869243786978,1.4224356774500918e-23,0.22219241947856716,0.025376726145483478
'ENCODE_ID_112268432',7.037375734657361,-0.07218424234533805,0.010447077179000067,5.263485600655883e-31,0.6309996477604116,0.01956132427512153
'ENCODE_ID_6529',10.043625843745973,0.04878040381361548,-0.015148404592970694,7.05538355813787e-32,0.8117580031499003,0.013415219283576292
'ENCODE_ID_105376964',5.837429156757347,-0.14162509333585754,0.014354685591937977,7.933339094868416e-22,0.4887981729872176,0.01837010839695
'ENCODE_ID_6304',10.42841465235476,-0.24093696946487986,-0.007185490717138976,8.644903029451043e-48,0.014594065656979115,0.012016349576389392
'ENCODE_ID_339834',4.60528677005547,-0.08179391620829624,0.01343267081925846,8.9360019960631e-17,0.706929963989865,0.03704824756693692
'ENCODE_ID_105377642',5.301193359023943,0.12592577290389045,0.016029084990790445,3.3957964602807154e-21,0.5131194256072672,0.005688723856095574
'ENCODE_ID_10675',7.111841676376896,-0.13996201957763388,-0.00919800739948832,2.265743809099378e-32,0.32460985962381406,0.02848646299438665
'ENCODE_ID_10217',8.042906510637499,0.12562726762500342,0.009828342214548286,9.69701381111217e-35,0.37697233534194063,0.019882118676899575
'ENCODE_ID_101928529',5.176334748258858,0.0692874652140067,0.01099359742415193,1.527974476465449e-25,0.6386186974899468,0.012701953245766916
'ENCODE_ID_2912',8.143348517322014,-0.5719463075708395,-0.013112135464807051,6.730534727706885e-35,0.00019445117616868326,0.0024471054458325525
'ENCODE_ID_375341',6.415294064970194,0.22918845184721182,0.017029037249640746,1.5826167714219552e-24,0.2385286371334025,0.00360445110241158
'ENCODE_ID_105377113',5.195030867402664,0.5250192903501916,0.016254025877264926,9.550843340630273e-21,0.008834459128837721,0.005326383255361719
'ENCODE_ID_9223',10.473572547064421,-0.4402842489335932,-0.011727394865420664,2.0258039613961362e-39,0.0038470778151530475,0.007421225868933764
'ENCODE_ID_107986088',6.176740461072219,-0.09287562269017652,0.013479216017789794,1.425580871150732e-22,0.6540901002905679,0.028418472993000446
'ENCODE_ID_6092',9.195143125810475,0.015123016099400477,-0.01096217012639344,3.43039877361488e-39,0.9068690004074489,0.005000578698369268
'ENCODE_ID_56999',6.31346480755932,-0.23760475431652375,-0.01369606300053365,3.540713447337343e-24,0.2234181880731221,0.01775649343943289
'ENCODE_ID_2042',8.072573692437263,-0.025213547448397877,-0.01585869921979738,5.260908012328455e-37,0.8422817651033553,7.327827823688645e-05
'ENCODE_ID_11259',6.937676498704236,-0.10176747594320557,0.00928469789228325,7.070158607463411e-33,0.45014770620844013,0.02039298895337114
'ENCODE_ID_112268455',5.329612980493856,-0.10050718008918813,0.011211311943935074,1.0423275893124618e-25,0.504894072336243,0.012751621656086407
'ENCODE_ID_285359',6.168255803610267,-0.37993652203949024,-0.011562040989128832,3.8677227014753517e-28,0.01600777277624596,0.011585219200944154
'ENCODE_ID_105374054',6.426467701630473,0.0005579576836818312,0.014511274389072388,5.018363452332802e-23,0.9978803717673186,0.02042275320808451
'ENCODE_ID_105374127',4.604904837837603,0.25690430415826,0.013767657407346583,1.890223674661448e-19,0.16856424572835038,0.012770029229836437
'ENCODE_ID_105374181',5.96501435260403,0.5659093055792882,0.01839926098773432,1.6332497215243577e-21,0.010115486269043614,0.004186725976954788
'ENCODE_ID_83850',7.9324557035517405,-0.10438340784791578,0.011330178929275968,1.583928761150856e-34,0.46099469709160823,0.007642440725992513
'ENCODE_ID_9718',6.826586098734832,-0.3442582016445337,-0.014645369085308805,1.4436507717509017e-26,0.06606174194453657,0.00809045817266752
'ENCODE_ID_55167',7.722271101479616,-0.2759883415114751,-0.009444515916542384,5.255466658190576e-35,0.04410330701364439,0.018255738385830136
'ENCODE_ID_83939',7.136817696679388,0.30913857379611775,0.009148681704527001,2.2512764741373004e-35,0.013929918570298815,0.012049667902233127
'ENCODE_ID_51208',4.496937031486194,-0.025607165737846327,0.01672404011979045,8.051110271567972e-20,0.8846405095442053,0.0018954808271941786
'ENCODE_ID_64770',9.83498175360212,0.11945005490113125,-0.009459412035310328,6.308245819511843e-38,0.4191546300438104,0.03056693735152135
'ENCODE_ID_105374187',5.89346024976483,0.17422505398367089,0.013062309006927873,1.8932189656418478e-29,0.20510941029910695,0.0017045595933504521
'ENCODE_ID_23043',10.549022370069224,-0.24409527341662784,-0.00906173516869364,4.921762685682055e-41,0.07590591883319618,0.02427400484301045
'ENCODE_ID_110599583',6.830196241658209,-0.34973942935376534,-0.014877886620539937,5.144735215376688e-27,0.056292167417245687,0.0060311596104
'ENCODE_ID_109617007',4.71329332446024,-0.04652667206137018,0.012056765602381421,4.440325061943659e-22,0.774648259601344,0.013132882188595181
'ENCODE_ID_200879',4.931106897337018,-0.1527461815431072,0.0124277876841158,1.4952179528951532e-21,0.38495580374334504,0.01740436889500771
'ENCODE_ID_1739',9.872137683997186,-0.03943233517228617,-0.009073357799791994,4.726398991492575e-40,0.7668126323905515,0.021885612978939505
'ENCODE_ID_105374296',4.521339875102819,0.04393678624691738,0.012177503974600858,2.144167029393456e-21,0.7862938301905187,0.012076772378806729
'ENCODE_ID_5158',8.939523907993811,-0.7837814536550243,-0.018791770757752187,7.633484755801849e-25,0.004539923915911189,0.01723055434797869
'ENCODE_ID_57537',8.046433149871655,-0.5467262024013897,-0.018334130828464593,8.395576420103444e-24,0.034142215519893916,0.014891140297525099
'ENCODE_ID_105374407',6.760900759742205,0.10364895826086185,0.011457038334849557,1.932262901280928e-29,0.5086401799591338,0.01432288097738094
'ENCODE_ID_317648',6.4173764117519525,-0.19298424298606104,-0.00853289747109368,3.74413653621428e-36,0.07133428149104537,0.00703886683914281
'ENCODE_ID_105374421',6.94356825531395,-0.011891021227551257,0.005418985793976849,2.1688801432566293e-41,0.8918197145974187,0.036490141216547624
'ENCODE_ID_105374493',5.3469567352946825,0.20277187028061472,0.015152404853576013,8.396924491645652e-20,0.3367773145621309,0.01575184491397979
'ENCODE_ID_2044',8.429713862355428,0.229512184449437,-0.007968285144874365,9.073780309253913e-40,0.05080494165382787,0.020200521098548054
'ENCODE_ID_2560',9.285373752628015,0.34803652687685926,0.011186109744899836,7.192141542853409e-40,0.007929092958391414,0.00345645963596416
'ENCODE_ID_10699',4.922679029768732,0.0014114587275668167,0.014825603854616235,7.912308266629059e-21,0.9938188532840329,0.0068942117262142805
'ENCODE_ID_105377303',6.672518363793233,0.3442440224544441,0.011046138219445868,1.7171757791353028e-28,0.038226802864988835,0.02226407458491155
'ENCODE_ID_105377289',4.753220550286479,0.07812910008887908,0.013117796866620846,5.425081945332691e-20,0.6725315371347635,0.01731524421835963
'ENCODE_ID_5593',7.639985022596722,-0.021279159485614985,-0.016248947824540852,7.282222223662715e-30,0.9020674885990961,0.0020529464048785174
'ENCODE_ID_101929595',5.813469545016628,0.07436325428639601,-0.011645962451704035,9.73558576979649e-28,0.6137847181912253,0.008456890154959729
'ENCODE_ID_4258',4.859665802921343,0.20297409790449117,0.012264011945531998,1.2815116197908097e-24,0.1672609600510543,0.005242370617082721
'ENCODE_ID_104384744',4.572469230916447,0.07565087788042896,0.014737988147267341,1.9587064240497705e-20,0.6624582033230821,0.0048509962110930725
'ENCODE_ID_79966',9.046603408019783,0.39812321767800773,-0.010682169355654598,1.3322086318226914e-33,0.02188320778898203,0.03290937977279833
'ENCODE_ID_5783',8.67431441303045,-0.05179550934684107,-0.011678648251345819,1.4962031050541755e-33,0.7497119008770766,0.01597769731852529
'ENCODE_ID_7222',6.467851107470823,-0.10369957698432852,-0.01076516144836206,1.656154891380671e-27,0.5323533094626816,0.028754575227014613
'ENCODE_ID_57117',5.830188614805863,-0.21013059851574642,-0.009776313179256362,3.0390282966105513e-29,0.12789998545454054,0.016324377613894984
'ENCODE_ID_345062',5.131455787433675,0.03794631738634041,0.01154175074986104,8.249545010482809e-23,0.8231477087633785,0.02238495004037664
'ENCODE_ID_8467',9.354348150998527,0.07042068414148739,-0.008375839995622705,1.2091028847722646e-40,0.5653031674078297,0.021445600420340313
'ENCODE_ID_2549',8.689458073288474,0.15331584817588473,0.010782361555665459,6.518596292640824e-34,0.3390541403016307,0.023202292902554066
'ENCODE_ID_79658',7.471275106796879,-0.05967465623351714,-0.011829512073923062,1.2071949676578513e-31,0.6989222679023501,0.010513436844698612
'ENCODE_ID_729830',6.52672982345466,-0.06797102598714866,0.00816211772052296,1.1981189505855536e-34,0.5567462892644628,0.017816628207842074
'ENCODE_ID_112267917',5.997927984342016,0.09182453499733889,0.010036826101674227,3.66938158308993e-27,0.5581964116348124,0.03077583099670776
'ENCODE_ID_8470',10.391098203786152,-0.1472779635715784,-0.005142224890578275,1.2240729787616186e-52,0.05392716779435525,0.02117700322042106
'ENCODE_ID_7097',5.850328454775951,0.27906707226399075,0.013061146857327682,7.073093396801756e-24,0.13071536370487385,0.01648382271137517
'ENCODE_ID_56884',7.650783125151742,0.10256362855462986,-0.010016019826501783,2.014897486094141e-32,0.4999251658815548,0.02631915926875329
'ENCODE_ID_112268474',6.241362663203527,0.23253292114152913,0.012470733799922869,9.887380448238276e-27,0.16731886815812919,0.012460998704020763
'ENCODE_ID_4886',8.115447426828558,0.02512793900282584,-0.009673209474953176,1.0019839823648404e-34,0.8605176392199332,0.02303446622279807
'ENCODE_ID_2195',8.415104455810955,-0.4248467213562903,-0.01791875659841006,1.4510486800754123e-28,0.04160520682346051,0.003728335903667236
'ENCODE_ID_11336',7.904537286678883,-0.587360769941075,-0.0203329076149751,5.120997372568758e-22,0.035905021769930705,0.012956938923093467
'ENCODE_ID_646241',5.041877131347837,0.18446705840541627,0.01146482134011227,7.579643592940979e-23,0.2708293955943723,0.02077964426903684
'ENCODE_ID_105378964',4.864689683915726,-0.25871875184855253,0.010494084675628441,5.639179346403309e-23,0.10949937265210238,0.02680156933960976
'ENCODE_ID_108',9.27765513593629,-0.2786110962459239,-0.011715159087216981,1.7556680175060967e-36,0.06723147290860781,0.009083577043475587
'ENCODE_ID_285671',7.616114999870005,0.5158483784187025,0.012813820251046888,5.292749369486378e-29,0.006038657534315441,0.017281762196959007
'ENCODE_ID_114899',6.991380883755033,-0.43656545128512775,-0.009651376200615942,1.7775678793050562e-33,0.0016335684953585334,0.01397677184019721
'ENCODE_ID_105379010',6.437284381028466,0.2347251299941242,0.016187763097868627,3.140341135485282e-23,0.2623686439365469,0.009535524797611354
'ENCODE_ID_105379014',4.898689350606455,0.09359682951216242,0.014886009622056953,4.854974675072523e-21,0.6018055743708548,0.005865042515504459
'ENCODE_ID_10283',7.689974971759387,0.05740693424552323,0.00770086347907499,7.10804013584607e-37,0.6369429282316553,0.03263248104340384
'ENCODE_ID_105379013',5.743588968656175,0.20376184592879387,0.01695603793719984,1.756607027984635e-23,0.26871149680966944,0.002341435995232689
'ENCODE_ID_105379011',6.481375304380418,0.1351910014118689,0.015552028358608866,4.2947784003381155e-24,0.4994248883425719,0.009479044714036525
'ENCODE_ID_79810',6.797294589252015,0.11610609243303294,0.008059998740235217,4.3337535895360636e-36,0.30153133545377003,0.015754299788985345
'ENCODE_ID_105379015',5.212227563060242,-0.06395021909579629,0.010757275844898048,8.295358509810924e-23,0.7109378131375973,0.035351734023352344
'ENCODE_ID_23107',6.87366043471572,-0.28840105837874325,-0.014167583824049128,3.157748313942624e-28,0.09382699676413833,0.005620477373690644
'ENCODE_ID_105379052',4.870223590985942,-0.11160802081687743,0.013059897370278708,1.6804311980168224e-18,0.5898424837337887,0.03319009211558034
'ENCODE_ID_728780',5.0457152669672665,-0.05258954886603773,0.011351781569036339,1.0329393409802408e-22,0.7541192605376962,0.02305325908110216
'ENCODE_ID_645323',8.92641825485102,-0.16599820595732395,-0.00886409814815492,1.3074148343075366e-39,0.1808811881007531,0.01574289802984428
'ENCODE_ID_64167',5.319303372533954,0.03641274739395495,0.01006440978544885,9.929563888967825e-25,0.8180867048907259,0.032107903849550805
'ENCODE_ID_1462',7.975993789074529,-0.42566473637236063,-0.020974381735960716,7.1027256107255255e-25,0.0755004184834137,0.0033188968592644604
'ENCODE_ID_105379170',7.480256283995331,0.26347014630248033,0.012285496926770596,3.248113604732544e-30,0.11777659763411519,0.013504909414190028
'ENCODE_ID_23305',9.955155415831264,0.004666023973285971,-0.008603528229457005,3.138285992079597e-43,0.9674512552826641,0.012007586735652085
'ENCODE_ID_9315',8.705485785074503,-0.21737023005183803,-0.0158548962617538,8.857234689174015e-32,0.22666842920098956,0.003386437585354843
'ENCODE_ID_1946',7.703187182093312,-0.04654623852088935,0.012135959543612872,7.84229935844599e-34,0.7432990564127817,0.004712118015835394
'ENCODE_ID_171019',7.849100154295376,0.10535642950076862,-0.009534475295141856,2.3167106884885004e-37,0.3857767674952701,0.00872160901066609
'ENCODE_ID_9547',8.081450284564637,0.06654758910903286,-0.017945757945801367,9.217255353660814e-31,0.7032465846755067,0.0008337921643824482
'ENCODE_ID_153328',5.948949559137996,-0.20161847538822766,-0.011602651842890365,1.5101949746516316e-24,0.2626185597605203,0.028882442037382668
'ENCODE_ID_9963',5.822085207948854,0.2175719024455165,0.010830932196294135,1.1506003041554766e-26,0.16752046996289954,0.01986989067388387
'ENCODE_ID_56130',6.643344232995176,-0.3113156412237472,-0.01197912792815589,1.4345003087325716e-27,0.07138498100073434,0.01796094672104733
'ENCODE_ID_107986454',8.60254075857358,-0.2559678670786408,-0.011168601377838344,4.90657481475925e-33,0.12609731019018333,0.023156165341964685
'ENCODE_ID_2246',7.089372333689197,-0.27802410122124244,-0.014697122433000904,4.601271027550738e-25,0.18366436947759346,0.01743260821038575
'ENCODE_ID_56103',6.4599700703507015,-0.3165461917935376,-0.011549794837648524,1.6121963548730085e-27,0.06045136081862254,0.01920314227970189
'ENCODE_ID_56101',6.155072782739159,0.009145943705740955,-0.010536079406868949,1.0479379280871696e-26,0.9556876220732495,0.031038448253792376
'ENCODE_ID_972',4.8143222753760835,0.09842833908104348,0.012618675777264193,6.947766547696155e-20,0.6015469112710168,0.024235144877978152
'ENCODE_ID_54438',8.660070933760128,0.21928682853825532,0.009332697089411895,3.3759536760907043e-37,0.10811198485174253,0.01999917876189435
'ENCODE_ID_202374',5.775486355824017,-0.1334355131273161,0.012987328846317942,1.3807342977874796e-22,0.4914362195131481,0.024046681173400315
'ENCODE_ID_153743',5.584370070071367,-0.09407714316706972,-0.01000614786093765,9.369914568156484e-28,0.5063182341458685,0.01758621807970938
'ENCODE_ID_105378235',4.716829438566042,0.10588713587008802,0.013695878793726073,2.0109979696398276e-19,0.5769270471668899,0.015557576243898766
'ENCODE_ID_51053',5.114711508066869,0.08624370093195105,0.011548694201097292,1.6859897125192966e-25,0.5553022902040182,0.00846802949816167
'ENCODE_ID_11120',6.900514565943371,-0.11517775515986295,-0.007312806607432401,9.253827828022248e-37,0.29634651967895326,0.024942268111497877
'ENCODE_ID_651302',5.537427254785182,-0.17533557054432286,0.011070478506930152,1.8183167895766908e-25,0.27110720350456186,0.019010016079793742
'ENCODE_ID_1460',7.5481784486262145,-0.8247324276029223,-0.019409533573795185,2.9267558821144734e-21,0.003833836152730672,0.017042656649502493
'ENCODE_ID_55776',6.582743901850816,-0.12729634832928977,-0.010958174098925494,6.474159144782079e-28,0.4420337816648584,0.025578159358839923
'ENCODE_ID_100294145',4.632710618925912,0.4369533249538564,0.012537451660455865,6.621101038194806e-22,0.009014822289324034,0.009588626531830199
'ENCODE_ID_2289',5.577397372270757,0.07344786544002624,0.02670924798673046,3.736428602003872e-20,0.7323781521748366,7.968692267001215e-05
'ENCODE_ID_54887',7.976291162205931,-0.16627582231949445,0.008095290653547173,1.2087713277974697e-37,0.17437336157282718,0.024746634346926817
'ENCODE_ID_1310',8.517690611353338,-0.03135082308656201,-0.009006381667466753,3.819698617186815e-37,0.8133455414530605,0.0226619674171084
'ENCODE_ID_732253',6.502710525284917,0.3336677573078697,0.017804028555648353,9.852173933227695e-21,0.17224002592299972,0.013905116695475448
'ENCODE_ID_105377872',5.724526168032516,0.2683372340697396,-0.014494399414093986,1.33173538637564e-20,0.21505148673366414,0.023284525356222337
'ENCODE_ID_105375061',6.1188072081552605,0.08431698946438482,0.009964848410078445,8.634677669849725e-28,0.5857151210314071,0.02979446968068221
'ENCODE_ID_100506804',4.690283398936329,0.07090504724169644,0.01257158822412295,1.5985771167208094e-19,0.7052482265163549,0.024089004560943154
'ENCODE_ID_401264',5.525444207218989,0.18366198520558358,-0.010901957149338542,8.252133273178556e-26,0.23967123368780405,0.018411770538750427
'ENCODE_ID_134728',6.465301908633884,0.16328984710489214,0.011397893520924648,8.074968779867446e-29,0.2936248713689416,0.013699039755196436
'ENCODE_ID_57226',6.518486298359337,0.21827692673535104,0.006819425094847469,3.4013389057581906e-38,0.02733419551611842,0.01769153385839917
'ENCODE_ID_51167',7.389437476680913,-0.18035977721456475,0.009081209668271726,3.3175761440615686e-33,0.2038213646899322,0.029742424914922107
'ENCODE_ID_117247',6.5338901709910076,0.38541260967728874,0.01213010575581901,1.8496272096010104e-27,0.02541997175574398,0.015570857232242679
'ENCODE_ID_81491',6.749723931021009,0.1746557141216113,0.011027936661505615,2.896046145331714e-34,0.15586723930352447,0.0028691967220990716
'ENCODE_ID_2898',10.604654136585404,-0.043804886623079464,-0.008162891353642194,1.2199189932975524e-42,0.7271063532631264,0.028484814136649182
'ENCODE_ID_3097',10.154103677314655,-0.27515809377136197,-0.012930315105718578,9.504546427252353e-34,0.14794186402916293,0.02099798347836551
'ENCODE_ID_5550',7.81582607167662,-0.026053074118954855,0.006883661774745947,7.249767689264648e-43,0.7757450417166638,0.011944099932685037
'ENCODE_ID_2519',5.610785509904619,0.2639394414649504,0.009441230684931301,5.578931042245932e-28,0.06459078950671034,0.023650037771373825
'ENCODE_ID_100507203',5.70053900331288,0.11834457372634533,0.014624695907529954,3.1814073933036735e-23,0.521628237593766,0.008287279164805466
'ENCODE_ID_6098',5.90181732958565,-0.12185521988734088,0.024086354076543193,1.2855227900585474e-24,0.49148079964689906,2.0476668150155956e-05
'ENCODE_ID_107986655',6.412537787566834,-0.15573505354711564,-0.010077511856460195,3.3231420743900366e-30,0.2777576569885856,0.017848865077509875
'ENCODE_ID_101928429',5.053996275867625,-0.31051726436918003,0.009523711240188268,2.8383948082574787e-27,0.021379390154827486,0.015087555346259142
'ENCODE_ID_107986659',4.51111749201481,-0.051204799392342626,0.013662701732219559,3.0986201610666064e-18,0.7925029393074597,0.01856623417778049
'ENCODE_ID_10090',7.00932117088991,-0.33824320405999075,-0.015906897291560668,2.1085316999894045e-29,0.041834896332501294,0.0013851057949233307
'ENCODE_ID_51106',7.730033507497475,0.009254606984885116,0.006717279053876039,1.2961911754750753e-40,0.9271257597677827,0.02557807157937543
'ENCODE_ID_26575',6.998724509044033,0.7151153405701227,0.01483156822573416,2.2805129858399125e-25,0.0008245331968415911,0.013698247262070166
'ENCODE_ID_3834',6.085418238296068,-0.4856419763092537,-0.01676980669895569,3.359320449328236e-20,0.04202566196584935,0.01621718739167582
'ENCODE_ID_4988',6.74630762442051,0.4158303351505781,0.03011132784443349,1.1241503262206533e-26,0.0251176676949201,5.630514545561719e-07
'ENCODE_ID_102723758',4.794177638714139,-0.21069183244545595,0.012994830008991572,5.8102804907740314e-18,0.3188803356927348,0.03700863536840754
'ENCODE_ID_105378085',4.901589345360162,-0.043791970579762474,0.009967018043382425,1.0574635593808553e-26,0.7385070137408707,0.011199366665819012
'ENCODE_ID_5134',6.148633625240404,0.20836127350252753,0.011730427962341743,1.4997340102520486e-28,0.1665929494674096,0.008821837490748588
'ENCODE_ID_90639',6.610669486902962,0.13433308819823775,0.010506021280011109,2.1869564297278597e-30,0.3583886143064584,0.01572335981102181
'ENCODE_ID_340267',7.441550997022628,0.025430511311530957,0.008373218073858529,4.715397688595084e-39,0.8092884087547474,0.008195779933295027
'ENCODE_ID_202915',6.242851267215691,-0.36872747397930034,-0.010011632797083614,1.2800059582126015e-30,0.008914491782106222,0.013751185644215532
'ENCODE_ID_101927558',4.729223282168425,0.08089822381061257,0.01312389702082899,9.596312800776227e-22,0.6266732838096265,0.008561711478875073
'ENCODE_ID_644150',6.9606561277215215,0.11624128640475317,0.008980250748951325,1.6227674041574577e-33,0.3749006427163578,0.020856645863028975
'ENCODE_ID_26031',8.926895793904398,-0.18622686523117682,-0.0075438563989270405,4.532675614422076e-43,0.07647067763073205,0.01462868748338612
'ENCODE_ID_273',8.636240287186569,0.06745504567642047,0.007994256256106145,9.656581748447424e-41,0.5489091294987177,0.01711182490103298
'ENCODE_ID_101928421',7.1205561737565395,-0.006631221681122179,0.00889834894327716,1.3709897417987145e-33,0.96021907611888,0.024455999513790096
'ENCODE_ID_55744',8.27425898868674,0.09162804814236891,0.005749826685979495,1.6690783743334512e-45,0.28332319822592494,0.022864094749937464
'ENCODE_ID_84163',6.420124850193089,-0.2750917230224644,-0.008406753794434195,1.0901123843110827e-34,0.01849283219879139,0.013178181541567425
'ENCODE_ID_349075',7.060948040812914,0.03607360286502981,-0.0068709030988658125,5.694706078488238e-37,0.7453439967180768,0.03674656290669139
'ENCODE_ID_105375359',4.507452870347807,0.19044410558926322,0.016191508995468805,3.7122916294875627e-16,0.3913193085388148,0.014400613350586297
'ENCODE_ID_105375337',6.056302440399765,0.1639126985360243,0.01085383125048873,5.918007442663048e-26,0.33344431852008616,0.030161076869636375
'ENCODE_ID_3092',7.263405316589143,-0.15908815271909627,-0.014495901927255367,5.531088751088849e-30,0.33260633474550183,0.0034358986029849243
'ENCODE_ID_102723791',4.388511755512911,0.27402444637917905,0.013519751899274932,9.29021730862539e-19,0.13978314021971738,0.013733847757497641
'ENCODE_ID_7979',5.9395738365811415,-0.004798184224347413,0.01155279596245459,4.569010557027262e-25,0.9779381624407337,0.025170124079937167
'ENCODE_ID_100505854',6.372493695010344,-0.1168185321524306,-0.01172172585193795,1.5837892170327484e-28,0.45157997892222224,0.011460840379873407
'ENCODE_ID_1577',6.488014378881825,0.007473294198463543,0.008511467630440531,6.689624169155592e-32,0.9548909948443218,0.03002248117946878
'ENCODE_ID_285987',7.440769257447609,-0.14174893199966915,-0.01623125325091346,1.4973818557759955e-26,0.48104056850549726,0.007201115600038441
'ENCODE_ID_100861540',5.162146054034337,0.15642876385191617,0.014430459364927796,8.038076248985471e-19,0.46799403456788,0.024040613303373926
'ENCODE_ID_389538',6.53002261648365,-0.33336842490197593,-0.010867195982318306,3.8920283299128545e-30,0.025931447105754832,0.012727659379261704
'ENCODE_ID_9512',7.353541182302234,0.22479601244701242,0.009418812161268525,4.1438339812594547e-38,0.0439317501906235,0.004344236109492334
'ENCODE_ID_4897',11.419944371966233,0.013391142847826942,-0.005283964509683162,1.711164427974312e-52,0.8716938803715659,0.03173333627900895
'ENCODE_ID_80228',6.297481030336131,0.08522784816806961,0.012303913526577864,1.6090524871289553e-27,0.5976782537220707,0.010927026416056999
'ENCODE_ID_101928254',4.441617238754143,0.14352963384497697,0.016505200751308693,2.578521173870916e-19,0.4257071768276798,0.0025172925610854667
'ENCODE_ID_5649',9.269775095513683,-0.06600503671001179,-0.02686551209342875,1.2941028441769179e-27,0.7799686997868173,0.0002598923781729291
'ENCODE_ID_2845',6.539963917804287,0.5612376548436759,0.016674678869270237,1.6564804521894106e-28,0.0008873924110274941,0.0006690772923919027
'ENCODE_ID_154865',6.572940663464666,0.4132130489628464,0.013543869629295057,1.2299703235799358e-24,0.0399019379245187,0.020747707238722303
'ENCODE_ID_101928451',9.89610534624837,-0.23736365600513565,-0.011408343103020767,3.252100689119352e-39,0.09249679944318928,0.006442902913716478
'ENCODE_ID_378805',9.248034299767571,0.0006141335844379592,0.011208894265879399,3.5473877036334874e-42,0.9956231533455868,0.0011010556640221726
'ENCODE_ID_105377785',5.614198981130112,0.14687260108671096,0.012373148321106415,2.510483379385327e-22,0.44289287554757584,0.029014010854640473
'ENCODE_ID_4850',7.896318139010654,-0.1288509187095107,-0.010213926943730928,1.041672871922166e-34,0.35695480483494657,0.014169351954931974
'ENCODE_ID_57604',10.016536179835445,-0.127628722836443,-0.008317926787940938,4.654223528863013e-44,0.2510202147851591,0.011899177567746489
'ENCODE_ID_157285',7.564105621888721,-0.7753534080705813,-0.02321523591089207,3.607523105110243e-21,0.006657542381642236,0.005116581528887788
'ENCODE_ID_102724838',5.765658627851806,0.1504175867039763,0.012142557734063525,2.545205506257529e-29,0.2657404304580149,0.0029084703061056645
'ENCODE_ID_101930149',4.448290656024181,-0.08245873093860207,0.011659821223763741,1.4592429975271587e-19,0.6421379232451405,0.02687232554521645
'ENCODE_ID_105375828',4.3067188395549625,0.19511035947146127,0.014883958327723221,7.760329704662007e-15,0.39912238746229267,0.029675299591522587
'ENCODE_ID_59339',6.2896660331228125,-0.020772265734738005,0.006800790912951061,6.568320275784561e-35,0.8499547596114984,0.03659804887264438
'ENCODE_ID_8989',5.7175045199784496,-0.11152165089362637,0.011164590193262295,2.1674087642900416e-24,0.5208028440578738,0.030022859004493727
'ENCODE_ID_649',6.885062551385653,-0.5861547684231034,-0.019441390420191048,2.282285357922093e-21,0.021154142898319545,0.008812781452204162
'ENCODE_ID_116328',7.909664412083011,-0.08147517645905056,-0.01151821707425151,4.439022271148001e-37,0.5110021580357138,0.0022305085864742107
'ENCODE_ID_51001',6.327394576526209,-0.19250050975134725,-0.013484322843365718,2.5202492017603844e-23,0.3461953321693906,0.025764231065876785
'ENCODE_ID_105375634',8.043011350984854,0.3741946905904975,0.016350945252663666,2.9589914353850504e-29,0.05110284505108044,0.004056746096879179
'ENCODE_ID_759',4.9391394709572065,0.20742933607008096,0.017326735965258598,1.556694679732637e-20,0.26774331243968347,0.0022188517231690793
'ENCODE_ID_79815',8.63048491985948,0.06111597116943723,0.011469859616598369,5.849895699830074e-35,0.6844580326682623,0.010893590257652859
'ENCODE_ID_7071',6.431950888112412,0.257166091112549,-0.014407610521176551,5.328525590671412e-24,0.20061048992010572,0.015481324739269386
'ENCODE_ID_169166',4.56955167903952,0.2512854955370727,0.018962133416555803,4.7084364961796845e-14,0.33238521097000706,0.013972367793550504
'ENCODE_ID_157638',5.593302332423702,-0.0767005517652597,-0.009400072063754586,6.901923801020513e-28,0.5856118735840815,0.02447162330251803
'ENCODE_ID_81034',6.405620397179847,0.13001131924703513,0.009805266996829291,1.3537436463183626e-29,0.3785614559634026,0.024956688447712507
'ENCODE_ID_5747',10.577160596797734,-0.25482487787360353,-0.010364390833677094,8.554812167546065e-39,0.09785446416492156,0.021772343022906555
'ENCODE_ID_5789',11.716836771910511,-0.04892588383875296,-0.008954302703320802,3.7278719425228453e-44,0.7036648586273293,0.019448969668464502
'ENCODE_ID_114',7.153110543735569,-0.5334687498729545,-0.014876108320720569,2.4377093199675844e-25,0.012266201309250805,0.015591079400159575
'ENCODE_ID_90871',5.673365705681022,0.41203757627196447,0.01037031977617776,3.499705971316767e-27,0.007378601929287949,0.018728168671653764
'ENCODE_ID_4300',7.879275812228874,0.13749251666643403,0.006303283942998322,3.128341209362975e-42,0.1528399348427226,0.025842915423956607
'ENCODE_ID_55667',7.483222870346268,0.1760429311995304,0.007032182257262402,5.568489439097832e-39,0.10261977546500328,0.026092747589417077
'ENCODE_ID_56832',4.670579428051932,-0.35240242602008526,0.014175604593704125,2.3022062207969632e-19,0.06608287052638566,0.011954933086533392
'ENCODE_ID_9630',4.6404095194628665,0.257467974327741,0.015854273322665417,4.073963435003204e-20,0.15475499092135875,0.003485373283903153
'ENCODE_ID_7094',8.495438579365004,-0.5580504949146581,-0.016130074498860197,1.383632721863576e-32,0.001556961390837117,0.001578445469854812
'ENCODE_ID_100507103',5.773022592464649,0.15975055959800855,0.015728586386208217,1.4426876689666616e-22,0.41091320533258247,0.006969623954363414
'ENCODE_ID_79987',6.9458997915708025,-0.09996923993401774,-0.014562917742223411,2.169863924049385e-24,0.6353125517895417,0.020285960718132504
'ENCODE_ID_169834',7.3716730858687765,-0.2189210024140657,-0.01166266580251675,2.336907143561451e-28,0.2289815543726058,0.02962883017461846
'ENCODE_ID_58499',8.760216589655585,-0.08342980707137893,-0.012295670709709876,8.624273607631315e-38,0.5286678576900271,0.0022491476756314652
'ENCODE_ID_6136',7.094229046325725,-0.5042956734184638,-0.014653387903451564,2.6149969014004507e-25,0.016828127782983753,0.016432621805798787
'ENCODE_ID_100151684',4.436791818923202,0.30368186282742815,0.019043238377933147,1.7965110278400413e-17,0.13458081829867372,0.0018581211225867777
'ENCODE_ID_6130',7.77728273811083,-0.08672629974385371,-0.011753667071760954,6.497810987081301e-29,0.6396313256048886,0.03226660089389765
'ENCODE_ID_11224',6.215270030418041,-0.48881549423075565,-0.015090974905124638,5.31808326052317e-22,0.026929724233490167,0.018687619919102363
'ENCODE_ID_8872',7.033561099289048,0.037024723766807655,-0.012117087171362803,1.5159830172788937e-28,0.8282193184619532,0.017321224254061907
'ENCODE_ID_9317',6.445479322144151,0.7758360036514993,0.01843932061242589,3.534015529507826e-20,0.002847806489179359,0.012885300094345714
'ENCODE_ID_8021',8.762706887563132,-0.518897895046228,-0.016490351653033086,3.072732174574611e-30,0.010060301197247276,0.00500979523073597
'ENCODE_ID_105',8.307948081206446,-0.14096997906697029,-0.014023292844912778,3.747140559515157e-28,0.49426840526951044,0.022070137899640362
'ENCODE_ID_101928701',5.195014273553009,0.07526594962269112,0.012268793557387673,6.263903967720818e-24,0.6415639920676175,0.011254743608118943
'ENCODE_ID_283078',6.7701759717442425,0.027618889780735734,-0.010501209323870348,5.896894271857048e-29,0.8635609076380135,0.027853937010259355
'ENCODE_ID_102724316',8.372860530436403,-0.3206735961825876,-0.013498531111839926,1.4899135976188188e-34,0.03539094999337623,0.0028343099886139426
'ENCODE_ID_6840',7.9480297194468825,-0.3213811663580947,-0.008795873221686075,3.1175176598839846e-38,0.008308283502715138,0.012242950522334565
'ENCODE_ID_101929256',7.140786585053751,-0.23765318654455814,-0.009577347025138985,5.838880488098269e-34,0.07415406742276162,0.014349231071673508
'ENCODE_ID_55149',7.502440005288156,-0.13530881932917832,-0.010730073940556155,2.357108606894381e-31,0.3911037436864151,0.021864596176529912
'ENCODE_ID_8453',7.0761095605763185,-0.039702054021126254,-0.010195445904729294,1.720980925115164e-30,0.7979239576331953,0.02690476406019222
'ENCODE_ID_7580',6.570363607183722,-0.22814220407316588,-0.013295819158476826,8.061965812556202e-26,0.21939909406167699,0.015722752015291684
'ENCODE_ID_91074',4.514331569195608,0.08015477879145716,0.012995650603381152,5.419003898936087e-18,0.6852870588394567,0.026925045638704726
'ENCODE_ID_221037',10.662544073684872,-0.16758940729526972,-0.008766827737174354,6.5678987958883575e-43,0.1822559270753795,0.018207720711960078
'ENCODE_ID_107984220',5.969351040952147,0.2719173471960607,0.011656489781147033,6.92922501505335e-25,0.12729244592982467,0.025995566204808907
'ENCODE_ID_65217',7.97515745296462,0.16225580063728862,-0.010248217330776127,5.776482505078591e-34,0.2697850386924457,0.018657642784279047
'ENCODE_ID_102723350',6.487871048081139,0.047039698703934985,0.007904461267278022,9.565772441212845e-40,0.5964328859128575,0.0033093825620866177
'ENCODE_ID_219790',6.077522930807343,-0.052801152847521515,0.011850665185053283,7.2871255231753515e-25,0.7687506089428806,0.026369180658558335
'ENCODE_ID_317662',7.79656324842361,0.14581386362973414,0.007769801092456181,4.1084333652315035e-38,0.21143272482264974,0.024020102595208023
'ENCODE_ID_119504',6.8480554448555875,0.04646594687391492,0.007564438954103376,1.2834177542189564e-35,0.6871974921618713,0.027268498445585248
'ENCODE_ID_51008',7.460237433953242,0.18160579115235298,0.008977698848035514,9.124237411895973e-40,0.07958243271792106,0.0036462755381702888
'ENCODE_ID_101929590',6.199174273801119,0.12904257698956345,0.010547781726457867,4.6170913087096344e-29,0.37980929615853487,0.015820545067512765
'ENCODE_ID_100132116',6.053097167233211,0.02555819781427826,0.011989134775397635,1.3641631367325064e-27,0.8685501807062275,0.00968639880585922
'ENCODE_ID_8509',7.3625187828797305,-0.4539560164313075,-0.014533909422562481,1.919842659122196e-27,0.019874815250039972,0.010470611643419253
'ENCODE_ID_84333',7.7650844783714295,0.49133951077544813,0.013072367387544467,3.6713083983758e-29,0.009382331407013618,0.016360162255396188
'ENCODE_ID_59',5.789608748152834,-0.01240909305907778,0.010534583785441788,1.0307795707679575e-26,0.9360945909469203,0.022250005283458992
'ENCODE_ID_105378443',4.714621506058767,0.07607777877988198,0.013066521841630232,1.4985601571451996e-22,0.6310759217454827,0.006163453750733928
'ENCODE_ID_79812',5.447917522742011,-0.21929197213686114,0.011604508228104162,2.4503202963076157e-24,0.18953619810835423,0.01879682062587431
'ENCODE_ID_10556',6.453432078788983,0.2494385695465009,0.01106441795190473,4.7758680733680023e-29,0.10664253905099276,0.015156582753559125
'ENCODE_ID_105378450',5.160632516513817,0.2492000949402995,0.01342534555101664,1.3469915325279846e-22,0.15362983336948366,0.009625714652701078
'ENCODE_ID_64318',6.120540046877941,0.2102867878784272,0.010370380902448923,4.318841836293225e-28,0.17096180881813217,0.022002732564044704
'ENCODE_ID_27291',7.390798692471893,-0.032586156140960165,-0.008478292765610244,2.0395103478309816e-37,0.7743317695589376,0.012671474590597089
'ENCODE_ID_7479',4.824238192486241,-0.0539644200439639,0.012650504079384778,9.669004649597163e-21,0.7637372422714175,0.018130646164208113
'ENCODE_ID_107984270',4.726756841056517,-0.15583849850826512,0.012829316941867373,8.604987909477028e-19,0.4308082161908132,0.02848638864411695
'ENCODE_ID_22986',8.934642092664856,-0.27478803505453253,-0.011717779436523955,2.186900550409059e-37,0.050359271026886525,0.004821591842157737
'ENCODE_ID_11101',7.99349098790579,0.10222750158018745,-0.008152511809016449,8.749440324768609e-38,0.39847799058115063,0.02315089198765282
'ENCODE_ID_642938',6.328766540184365,-0.24946354708144095,-0.009459341864311356,2.802305766248574e-30,0.08003673083217942,0.023366370954911647
'ENCODE_ID_727897',7.195362683473854,-0.13171014571367456,-0.018981955741934422,7.167971279998962e-22,0.6001754321514633,0.011577714935292856
'ENCODE_ID_105379880',6.614573558122511,-0.17514041349180104,-0.006804455229199081,9.978638345954192e-41,0.04645119160124344,0.008538871720811443
'ENCODE_ID_3611',7.116349780271094,-0.5299962059999599,-0.011957575843846525,7.217623480643505e-32,0.0006168697394057862,0.006280681911407923
'ENCODE_ID_63982',8.126297832082454,0.04590628450992795,-0.009898701529527086,1.7487700189695732e-40,0.668391840941013,0.0023857216733297014
'ENCODE_ID_23258',8.31985260197889,-0.18434966435246125,-0.010845751169463173,4.9589507044546634e-33,0.2521313597381643,0.02265970175574724
'ENCODE_ID_440040',6.518859162385448,0.033270598334257495,0.011732872663422138,8.983947401183423e-27,0.848131151140681,0.023240959467947582
'ENCODE_ID_84067',8.01355729300183,-0.6053388310514766,-0.0143434983563978,1.4812810910171334e-28,0.0029784959303439476,0.013583340955196584
'ENCODE_ID_60529',4.877256747374854,-0.09338124604993658,0.01787479501652078,1.16209754749396e-18,0.649148287211913,0.003988751087409588
'ENCODE_ID_101928338',6.483401023079708,-0.26321224729771187,-0.011814246430571263,2.30965125121158e-27,0.12065639810720878,0.018013020811312765
'ENCODE_ID_9219',7.250413723983596,-0.5973227302668704,-0.016103997050169627,5.5042268823415595e-24,0.010315293382433043,0.016396494062325986
'ENCODE_ID_387775',7.9750517901886155,-0.04935857068114491,-0.012145504166175852,2.543879919346229e-33,0.7438374801785237,0.007502590136228362
'ENCODE_ID_65998',6.361191064801441,-0.07739662126171187,0.010491564814689448,1.5163990986880954e-32,0.5376136588573461,0.005534402085190117
'ENCODE_ID_7536',9.52717376893412,-0.2877783326858528,-0.00840189263556635,2.1422641204472625e-44,0.007358698044968241,0.006899365793827951
'ENCODE_ID_57571',7.21828949650236,-0.2994546492450113,-0.013417928343710717,2.2871907202409943e-26,0.1323289948079616,0.021893737270931964
'ENCODE_ID_254359',7.018736312568552,0.146540921977664,0.009628223875521475,2.4550082177702627e-31,0.3218810516099458,0.027668951172296855
'ENCODE_ID_80227',7.123928542235853,-0.07149718868599941,-0.009171967338315889,2.6139641187806764e-34,0.5776964419559957,0.016578850931340816
'ENCODE_ID_55291',9.730698366867717,0.015922001570485067,-0.005784351464371021,9.151290307325734e-50,0.8438636272283837,0.01654288484366245
'ENCODE_ID_105369388',7.800014747907561,-0.12305228235328408,-0.007186340432533791,5.2959024606795835e-39,0.26942026304285815,0.028836904317963645
'ENCODE_ID_2915',9.35056075057643,-0.06053400563819877,-0.005902421205071973,2.6913006042366156e-48,0.4698193584897109,0.017859979189408407
'ENCODE_ID_51400',8.277663733509812,-0.41211180690174104,-0.013600830837040676,3.716300984698166e-29,0.03834976761670272,0.018983474301548574
'ENCODE_ID_100506127',8.549767317167094,0.08709550620059547,0.006858467266214394,2.594062220047502e-42,0.398676908689227,0.024897520421222293
'ENCODE_ID_5058',9.124900784327833,-0.2362830291156971,-0.008780022963576172,1.5802152258996836e-38,0.07971442789741406,0.02597138634537198
'ENCODE_ID_23086',7.177091105741447,-0.11565042207953241,-0.014066744394562906,1.77937879193758e-32,0.4166468776456075,0.0012167882743141139
'ENCODE_ID_79796',6.488559953017772,0.1259249733610447,0.008442044765479759,4.62304792101093e-32,0.33893041196053564,0.030021992264074825
'ENCODE_ID_692072',4.810538642099378,0.0951228254550962,0.00994685120561164,1.5580810297583262e-23,0.5345634479141763,0.028475110033962588
'ENCODE_ID_64776',4.952401322919286,0.20834186752570644,0.011849845436105427,2.820471718498654e-23,0.19581999654992263,0.013115131167173435
'ENCODE_ID_101929089',6.202598369488691,-0.2622928096698304,-0.014165435342500608,2.1504072269674846e-31,0.04764005344688179,0.000422233515370868
'ENCODE_ID_105369536',4.768564064575435,-0.10733126665355336,0.011172767740497294,1.1433380177759496e-21,0.5243280797224004,0.025509722591585685
'ENCODE_ID_79864',6.340522411541917,-0.023011592578906503,0.010592319844871833,6.726750691770835e-29,0.878851478361422,0.018640195155755025
'ENCODE_ID_50937',8.230631774558429,-0.3522250701407612,-0.010460355050472984,3.1830385431406726e-35,0.01578451427822161,0.013407541501019181
'ENCODE_ID_100128253',6.324556618562876,-0.46223971971462485,-0.013196653170130754,7.648321998054241e-26,0.01170708124877457,0.012824343249185449
'ENCODE_ID_27034',7.7996719615613035,-0.25492173577437266,-0.010442495800840683,2.5160547084859205e-33,0.0890683791045005,0.017747948195893083
'ENCODE_ID_715',5.866771784565724,-0.25674752497736064,-0.013231637529715847,4.115752513553191e-24,0.15945990051481462,0.01426037103539024
'ENCODE_ID_283177',7.2477276125385615,-0.5604538834233919,-0.01587011951967076,3.093466005711274e-24,0.01433342503449065,0.01644802489011228
'ENCODE_ID_120224',4.761688575898763,0.10378841063967287,0.01112441757314783,5.850588119684114e-22,0.5307541758186456,0.02366257144029521
'ENCODE_ID_939',4.7731524920132475,0.04842726034287009,0.008308993454966052,1.5170204075761647e-26,0.7070114631354392,0.029744552182794277
'ENCODE_ID_171220',5.868594349003822,-0.14988271692323618,-0.010281247507536851,1.7006295090362696e-28,0.296425887345682,0.01587758000650109
'ENCODE_ID_653113',5.895305882556043,-0.1579000386273398,0.010886060716796164,4.67577906249894e-26,0.3357987115113513,0.024953564094264392
'ENCODE_ID_144568',5.729307722798127,-0.13717965101380492,0.010761626271119975,7.780101521408861e-27,0.36934685163712044,0.017773875063388105
'ENCODE_ID_5858',6.132403224403869,0.2656334872536317,0.015266963549936468,5.661079180323231e-23,0.19040245243306667,0.011271194169620384
'ENCODE_ID_79370',5.940915181445748,-0.2900337989671646,-0.012661546657000313,1.0850065821354655e-27,0.059118856597206615,0.005400504256524568
'ENCODE_ID_9847',10.027408071488928,-0.011113469937307552,-0.012702361539656898,1.4065397874262535e-32,0.9550554979102175,0.030039051057778855
'ENCODE_ID_3824',5.066125929561274,0.5624147434143505,0.018217639548457384,3.539874398667104e-16,0.027422988824752338,0.014183271037464053
'ENCODE_ID_341350',5.801379805864819,0.15950115386610075,0.014128328876852123,1.6855587387165553e-24,0.36362075269252614,0.007248110091549345
'ENCODE_ID_83857',7.272667243134133,0.3525848057959232,0.009529791893700814,1.6536000301824667e-33,0.012431931533869713,0.019088213100614024
'ENCODE_ID_636',10.045521263435443,0.03245858581412231,-0.007562188374697833,1.3508392223098544e-51,0.670537993501749,0.0012091180840874396
'ENCODE_ID_83956',4.608771865731693,0.18400843120768928,0.01226047432276371,1.0838775465050791e-19,0.31525605745318935,0.023767508581567513
'ENCODE_ID_105369714',4.945214520358384,0.15916416906309322,0.015108111031531632,2.397758809854994e-21,0.37237437000556584,0.0048935397189099695
'ENCODE_ID_5318',6.334510920619318,-0.24471201860083433,-0.012246733506716602,2.5801448363039616e-25,0.1842683330095802,0.024158511110319893
'ENCODE_ID_3164',7.9137007789697025,-0.6284562734281045,-0.021286597881360544,1.166633845096217e-22,0.02073950117311,0.007378141524115036
'ENCODE_ID_5094',8.341303693398928,-0.4609892324467528,-0.011117535252704229,6.850632522067431e-40,0.00016569986282282092,0.0013399506726362656
'ENCODE_ID_3678',5.528841221885733,0.06128565565439381,0.01183938236947518,1.0323148212217158e-23,0.72476344035576,0.02225876120078776
'ENCODE_ID_4637',8.035994866593153,-0.4955961053323619,-0.01515617936425236,7.496630805241561e-28,0.01744028306697723,0.012304891579871762
'ENCODE_ID_64333',6.08409486153685,0.007231061700879171,0.010594057800114886,3.4426988224863514e-28,0.9616437585679634,0.018190248296139855
'ENCODE_ID_8089',5.637204813058208,0.04992961986990474,0.0102350453722876,1.0859231264196108e-26,0.7408329563451674,0.02268053707381039
'ENCODE_ID_4848',8.208084285712877,-0.15899901813956685,-0.008767361141398972,6.992209157748735e-36,0.24699804032095948,0.03033469919923688
'ENCODE_ID_105369968',5.785918632041322,-0.2721762490444683,0.01538557945842364,6.828719250455106e-21,0.2059605878994166,0.015783839517313106
'ENCODE_ID_5801',8.059955173054405,-0.2787892059392359,-0.011961813736221367,3.0423159166450926e-32,0.08874006117482945,0.01318286544613119
'ENCODE_ID_10906',7.280430872934972,-0.38256516920219363,-0.014996880779980699,4.3252622605597105e-27,0.04948571953775089,0.008864040832348059
'ENCODE_ID_121456',5.278675316898054,-0.1496736288243038,0.009331341236775684,3.5493971363696555e-26,0.3054442513070445,0.030439511441071054
'ENCODE_ID_160335',7.981839696831723,0.012362042868564127,-0.01096640182887075,6.675707954816035e-34,0.9328291861949103,0.012513050380091434
'ENCODE_ID_79158',8.992592729608779,-0.06275349123436935,-0.007883503775866172,1.8979468511032572e-42,0.5597235169065737,0.014107008184466752
'ENCODE_ID_9891',8.559316656549175,-0.2799105755560993,-0.010873921780279487,1.3978642369618259e-33,0.08489328527051967,0.022353368074569755
'ENCODE_ID_105370033',5.544407633946657,0.11408431691218524,0.010914211802697499,6.449815994371876e-26,0.4620897872529768,0.018032676756842413
'ENCODE_ID_10631',6.798539818842839,0.08811920513080013,-0.01753374052997279,8.0251527553081085e-25,0.6618323571514061,0.0040126148255665
'ENCODE_ID_79612',8.126567267937011,0.28738826989452027,0.010195849621498793,1.6529310555138156e-36,0.03207625260474636,0.009417296990426038
'ENCODE_ID_105370170',5.412666264445124,0.0874156530025666,0.012932356661876225,1.6542188813903448e-23,0.6122493849372288,0.01216819497959681
'ENCODE_ID_220107',6.774122721391555,-0.4282869975724285,-0.01344332450070025,1.3030191264195461e-27,0.016191528818602474,0.009484899293092838
'ENCODE_ID_440138',7.234435757307609,0.13263004978787485,-0.006323430628565076,6.332662812680989e-44,0.10334857292182706,0.008744885395464724
'ENCODE_ID_10253',7.359528074501204,-0.42722609647375365,-0.01298685240144495,2.52143287314924e-32,0.005226730873600517,0.003488280261396274
'ENCODE_ID_9724',7.121682824960903,0.11515639164029379,-0.005401753911890019,8.202626497332655e-43,0.17224917062551556,0.029419655531015988
'ENCODE_ID_3621',5.74605737178409,0.18728205640750184,0.011340640212276225,9.56810316622599e-25,0.27596294328577864,0.02557168114523601
'ENCODE_ID_11061',4.659366207787141,-0.057967359100234594,0.012401098891472943,2.0321254582168776e-21,0.7282278724295282,0.012946443907385882
'ENCODE_ID_1203',6.404780961961606,0.35209286766587466,0.011098896824359538,1.9311255337273793e-28,0.02809069609852477,0.017285793478912008
'ENCODE_ID_93081',5.548668039786691,0.24397680703528268,0.012705409748383838,1.1854004355154067e-21,0.21675254404075678,0.0289935419762058
'ENCODE_ID_23250',8.684177999266153,-0.4807565451356779,-0.016486461999479844,1.8266036286377212e-29,0.02000688791393315,0.006417418070469739
'ENCODE_ID_5018',6.866758413292105,-0.36039072170891945,-0.018018711806793333,4.443034215366848e-25,0.07710183007167119,0.0030705179219469234
'ENCODE_ID_10379',6.112006672456224,-0.4513959965517023,-0.012600961065925223,5.021298878194994e-26,0.010197336400781628,0.013006833603297437
'ENCODE_ID_4738',5.810755329511714,-0.10413471746858599,-0.006551972080387327,1.0014274418683813e-34,0.31172139036975016,0.031069525139763417
'ENCODE_ID_102725045',5.764165767150528,-0.2862157389322418,-0.01155383540766985,2.6955813120936203e-27,0.060112024606690635,0.009946062867390417
'ENCODE_ID_57697',7.039734244005277,-0.1095807931987467,-0.013368041791411142,1.793253694112647e-26,0.5660631763914532,0.018704065410875652
'ENCODE_ID_91612',6.4531060969266,0.23534038544405644,0.012648604507117446,3.8181803884650925e-26,0.18980768576632015,0.017183626627693183
'ENCODE_ID_79609',6.787186989221612,0.1544677516829197,0.01128382208176684,6.211387457495597e-28,0.36572351214540344,0.025626811931662604
'ENCODE_ID_23034',7.870046730523959,-0.20732974394231768,-0.011261493243835621,4.618129462690898e-38,0.08154129238001769,0.001646277097076844
'ENCODE_ID_51804',4.744430687831693,0.22103939878758522,0.0156539954033708,1.8471689727212255e-19,0.24851244706618328,0.006319293083405796
'ENCODE_ID_57475',9.157253206841055,-0.494543983748317,-0.011890520717624389,2.5997668785775573e-34,0.004108782091645588,0.015716844820861355
'ENCODE_ID_22890',6.940999878907013,0.28472284402869386,0.011944173280482917,9.424255834790952e-30,0.07646501482557232,0.011643665292384827
'ENCODE_ID_51382',7.112723209995947,0.13711758851277256,-0.009568082739286986,2.117986813520766e-32,0.33377692643882106,0.0227861976748858
'ENCODE_ID_22990',9.86250766530648,0.0052119447422471765,-0.006320864034244884,8.23779639292851e-49,0.9516067300620037,0.013866118109672613
'ENCODE_ID_5663',7.64341490405676,0.16855289406470342,-0.007775129053966165,6.386276823026504e-38,0.1456891224915657,0.02259856502311538
'ENCODE_ID_122970',5.445068126355203,-0.14861585143881584,0.013506998583918075,2.369389578708373e-23,0.39692722100024813,0.010003237665007964
'ENCODE_ID_283571',6.436289958909034,-0.015915817469450144,0.010197185645564355,1.370244926419968e-32,0.8998805717832971,0.007393509889294786
'ENCODE_ID_8892',6.720105005022892,-0.033731330761232914,0.008896970159227522,1.4903527095426944e-33,0.7885140202029504,0.017699322963210112
'ENCODE_ID_112268122',6.510833178142965,0.06680506529097052,0.012065665221815082,8.549537785361239e-26,0.7150338024953464,0.026432724721471283
'ENCODE_ID_7043',5.882419134186405,-0.10043420087005567,0.011934493162392402,1.663927474837033e-23,0.5921766699648867,0.03169392486217029
'ENCODE_ID_64207',6.498407820185076,0.0683073622836764,-0.014066594754178983,1.6219721966956914e-25,0.7125408418282306,0.011294905805758853
'ENCODE_ID_107984635',4.716542359363985,-0.20158933901686568,0.011847394369901818,1.0085620915245664e-21,0.2278440645239651,0.016739725167831468
'ENCODE_ID_101928462',5.03313786231386,0.2298893864094652,0.014037794225192532,1.5571879264606043e-23,0.15503047541015305,0.0037650813192229124
'ENCODE_ID_107984659',6.302147140242072,0.2051915720666747,0.015271467855357922,1.025089568879907e-23,0.3033845729923613,0.01023211942279616
'ENCODE_ID_100507043',5.300044501732241,0.18367961207224742,0.008362518150218337,9.207830986528901e-30,0.13242102206517006,0.019994472392278684
'ENCODE_ID_55102',9.48138768642404,-0.08757761285646704,-0.009070963739079015,1.7333269997304168e-39,0.5058266563775243,0.02044504729214058
'ENCODE_ID_767561',5.16159226032513,-0.27223734582309134,0.01568444622651575,1.7207165926357661e-19,0.1915090690231971,0.011280227545115833
'ENCODE_ID_64423',8.22572919332269,-0.662518789862174,-0.019331177262653893,1.5871817101910134e-22,0.019954770728399955,0.019032046146476286
'ENCODE_ID_107987209',5.975383138307547,-0.3379178298554838,-0.010429325939010015,1.5441170986450617e-27,0.03110468548697703,0.021958754315882505
'ENCODE_ID_4692',6.191166334675769,-0.0395462192042324,-0.015801320442438985,1.1714338479934767e-23,0.8396260311188628,0.007215654624240465
'ENCODE_ID_100033413',6.159609435669432,-0.23614324664819347,0.009796233149891401,9.828317610141531e-28,0.13461427526345737,0.03415117352510575
'ENCODE_ID_100033418',6.022732855832826,-0.1099288885495468,0.012279064767589115,1.4026439541728798e-25,0.5215098555664637,0.01627005186964857
'ENCODE_ID_100033414',6.356157558739328,-0.06004809845191689,0.015155800533066815,4.690686245867582e-22,0.7843605893534236,0.020419814477263154
'ENCODE_ID_100033415',6.090907491377009,-0.06505046950582694,0.014702043437961236,1.626786095108634e-21,0.7641834848177973,0.022692570283652555
'ENCODE_ID_100033417',5.344200759671967,-0.08569066561496447,0.010634093173414008,3.790915479864371e-24,0.6021881236509652,0.029167668320437993
'ENCODE_ID_100033813',5.1089092282815285,0.08894428883496536,0.011587740485667674,6.033787832447028e-25,0.5545456085502827,0.01014136791527088
'ENCODE_ID_100033431',6.025774838475222,0.014730994094431349,0.012990889090688238,7.20549140370045e-26,0.9303561127950208,0.010195594843033442
'ENCODE_ID_100033432',6.2324362417152175,0.03575368646190691,0.013809388737282945,3.33681136329403e-24,0.851425783780001,0.015454913200621897
'ENCODE_ID_338433',5.0106466306704815,0.14000659338531551,0.013031701974153197,1.0238291162675714e-23,0.3763751511929898,0.006103673872875154
'ENCODE_ID_100033806',5.21299386658991,-0.04800461945305051,0.012887736548948182,6.134067656744804e-24,0.7670517406275441,0.00813809972896208
'ENCODE_ID_100033816',5.105059780163512,0.11798771408893588,0.010151994800697804,9.274993341075747e-25,0.4380260452144341,0.024430956923658213
'ENCODE_ID_100036566',4.78391889165594,0.05924887108093807,0.011551836298339684,3.576659710130974e-20,0.7474615818089005,0.034168529492635616
'ENCODE_ID_6263',10.36085729478034,-0.20161553772964158,-0.01761051610915897,1.3584100973168897e-38,0.18333269556900106,0.00017563998985904006
'ENCODE_ID_9836',5.366078568060424,-0.136047866631958,0.011509853764420474,6.829283837547535e-24,0.41735830340867286,0.02083187657270771
'ENCODE_ID_105370780',5.1874193234685375,-0.0867501284692826,0.014367102682936278,3.042904869190801e-22,0.6247571289065732,0.007063702277153884
'ENCODE_ID_11245',5.696333360522884,0.36863829388356334,0.011534557922645584,4.66120954671832e-29,0.008307107972861825,0.004564917336292193
'ENCODE_ID_2595',7.266688362202017,-0.1618533361712251,-0.011415917551616724,1.9899055036865639e-28,0.36355510206386754,0.030152384182327498
'ENCODE_ID_105370819',5.31528408117952,-0.12457127935327805,0.011610604057755927,8.588895846467533e-22,0.5044563155633283,0.0354155898559788
'ENCODE_ID_255252',7.268345944627107,0.26530478191458917,0.010880888804818085,1.9592515417940787e-32,0.07026568463177016,0.011665793154106261
'ENCODE_ID_117155',7.194674469159001,-0.07502857482169789,0.007086745993287052,2.2932147200021888e-37,0.4996457560033656,0.031278253876883225
'ENCODE_ID_2252',4.309326107233305,0.3137425354106807,0.011337777257354787,1.096051998278668e-19,0.07052833230650234,0.02530668494314669
'ENCODE_ID_10681',8.468313470777892,-0.004304478760137065,0.006888319240094183,1.282506184392939e-42,0.9657618375709756,0.021122075923892158
'ENCODE_ID_105370846',6.599961204347226,0.2573350367665166,0.01240937028241391,6.3575994065739284e-27,0.1447643923496684,0.017171861526228006
'ENCODE_ID_79856',6.139618265913429,-0.0938770166449695,-0.008126119579585658,1.635119133948438e-31,0.46303095445098885,0.0318077236768729
'ENCODE_ID_79631',7.24811987757644,-0.31400092372579114,-0.012388028197756562,8.533809254440585e-28,0.09093298976420969,0.02289011108405595
'ENCODE_ID_26035',7.647914263941372,0.07778995359702612,-0.010538905330009597,3.328007070046374e-30,0.6477195109599678,0.03652156727445901
'ENCODE_ID_6457',9.100947243339824,-0.12223501200156961,-0.008499294222569526,7.332423065879969e-44,0.23115575750426548,0.005446156126132393
'ENCODE_ID_4756',8.246427968673316,-0.27073748134394787,-0.012532596070294695,3.0357626200097634e-29,0.1646085814318745,0.028644964223937662
'ENCODE_ID_27020',9.271518534894971,0.0016396714709008275,-0.009515794365705628,2.124792116903847e-36,0.9912805843633834,0.032545267864069506
'ENCODE_ID_55784',6.834248017070218,-0.3899347694633271,-0.01056061774150207,2.8109536981451225e-34,0.002591092178628485,0.004583329462395188
'ENCODE_ID_5607',8.522737934384464,-0.007297949898877221,-0.006165842963766941,5.024752416163912e-43,0.9411765017406747,0.03546190671964069
'ENCODE_ID_5151',8.329410325564988,-0.06179808208769211,-0.014230544885286668,3.604732280221681e-36,0.6507855617284133,0.000709474513116806
'ENCODE_ID_3418',7.171392017814324,-0.49801776041476453,-0.012536106286825999,1.8266408180064319e-28,0.0061950690732888395,0.016259048667209747
'ENCODE_ID_105370972',9.14848948759211,-0.2421387976959165,0.010873568618039259,7.791553851989649e-37,0.09941087806136016,0.012174109201883561
'ENCODE_ID_55114',7.607341046187813,-0.6181342945168529,-0.011615050578904735,2.596543293143499e-32,0.00016368017038118462,0.010652717483298385
'ENCODE_ID_105371017',5.141147115450415,-0.20719273898587176,0.013041491082638875,8.7384029647142e-23,0.2273710057232302,0.010657562275900648
'ENCODE_ID_105371018',5.635217559504757,-0.20492035787814256,0.014367614442298334,1.373361340251188e-20,0.33494380915230104,0.022488689995269366
'ENCODE_ID_283888',4.481040758695764,-0.1940195871073342,0.01554658299787982,1.2746552045339526e-20,0.2510502372751633,0.002346061261446316
'ENCODE_ID_101927751',6.365001973323329,-0.08427474981956662,0.00878872772376774,2.5644033905304823e-30,0.5499473120796003,0.03512490496390782
'ENCODE_ID_101927026',6.0025483463906015,-0.15214051745049567,-0.00900653802022618,2.0969732214361406e-31,0.22867049302133569,0.016185313760729746
'ENCODE_ID_7284',6.5356485233391055,-0.43969196560942075,-0.013211899004096469,8.025578601737784e-25,0.02689113374132068,0.021851919891825784
'ENCODE_ID_51760',7.227507331465948,0.04073019574133441,-0.012278813954680865,1.948517607442468e-33,0.7646804028382566,0.0029535745951356123
'ENCODE_ID_23035',9.130070509153331,-0.07082961746912253,-0.006690464591427329,1.0248913742508925e-46,0.4234874881305236,0.011361130898781536
'ENCODE_ID_146395',7.253374063376697,0.21491456773552758,-0.011500387078731704,2.296811132620036e-29,0.2060567178948694,0.021919293384264803
'ENCODE_ID_1009',8.240598631369572,-0.39839856792244605,-0.014176161363840664,6.860079643557692e-31,0.02814814904834718,0.007696888479202037
'ENCODE_ID_5257',8.158440088053528,-0.15826712967698076,-0.010262549016909811,1.1287453715778472e-36,0.2277888181800636,0.008710673608983784
'ENCODE_ID_107984827',5.074445945824871,0.5354978376215964,0.021413199271416508,1.5593997108502218e-12,0.09827123098932111,0.02413383132569054
'ENCODE_ID_201229',8.56085294282147,-0.18438859082146514,-0.01189618452582249,7.669292338613441e-33,0.2700363434936793,0.016456258103310393
'ENCODE_ID_107985014',6.147579515131996,0.23859444393210555,-0.011326114356157211,1.1791534468547929e-26,0.15228561060912746,0.02109237652068369
'ENCODE_ID_224',7.2049944415683465,-0.047820789642172845,0.0075870530335993645,2.5310597992582203e-38,0.6516376362647872,0.01634078992055451
'ENCODE_ID_146802',5.671199088643879,-0.008258758650535047,0.01449977629958292,3.8087149157014083e-25,0.960070400810767,0.003722486601116597
'ENCODE_ID_124923',8.411391740309217,0.10436815159040547,0.009692118587787155,3.019771651075013e-36,0.44815750749135896,0.01788688389730066
'ENCODE_ID_9706',8.278423598795737,-0.27396504371316205,-0.009448303883205014,1.190169122611201e-37,0.03350720248880009,0.012121711538281328
'ENCODE_ID_4763',9.887766164814717,0.04583436550605957,-0.007161488049753797,5.182089155917989e-44,0.6750731077108765,0.02737677697230921
'ENCODE_ID_90410',7.026303355865685,-0.30963841999535996,-0.010785468892718322,6.805868434711073e-30,0.05588387019228349,0.022519623297183423
'ENCODE_ID_22806',4.500514829087226,-0.06916488010707722,0.014374534222202416,1.2125648097970925e-20,0.6814809272718205,0.00473685947906274
'ENCODE_ID_3690',5.050640659638423,0.2107886579055821,0.0118019850432275,2.919600202174042e-22,0.2248196525942468,0.02146029702189881
'ENCODE_ID_101926967',6.0649799471202375,-0.2970114866421949,-0.00969241432343268,8.158801013721894e-31,0.0268318181811209,0.013170495718906196
'ENCODE_ID_27346',5.268843286677727,0.2127666435177094,0.011355400627204635,1.1442128129572735e-22,0.22944894626398915,0.029505611756599482
'ENCODE_ID_162494',6.446884125607953,-0.2824426058198244,0.018342990131021003,4.793682106859707e-25,0.1387499802985436,0.0014702352232219122
'ENCODE_ID_646030',4.523143984361183,0.22172185700592034,0.0123299121743054,1.4855883374616193e-22,0.14857817667069328,0.00697886535258726
'ENCODE_ID_6827',5.585321072847218,-0.11048344013471306,0.011097291633594719,2.178567011541903e-24,0.5150042834710427,0.027412409521726012
'ENCODE_ID_1213',9.237189638807237,-0.07359924996880951,-0.009421218576101854,2.204959080237697e-36,0.6231979172676253,0.033732990130522195
'ENCODE_ID_5175',5.661796463826957,-0.15866546227067002,-0.009698311437204132,8.154959380462766e-27,0.29469219239766387,0.030009385013138812
'ENCODE_ID_27092',6.2646779156944055,-0.3764990168544873,-0.013117044324180236,1.6059705902436129e-24,0.05044954364421409,0.01960706964144209
'ENCODE_ID_5573',9.299807493581852,0.14543090129620906,-0.009399167693121512,4.301128819388087e-37,0.31947332599045175,0.029396411577912986
'ENCODE_ID_6752',7.325706786960005,0.12156632869921136,0.008672077531260178,8.41951205156223e-34,0.3709868646048847,0.030834967379123075
'ENCODE_ID_55556',7.167843792147568,-0.15372167507141454,-0.01783421520479312,1.654598740534251e-26,0.42902980265687185,0.002480939833836672
'ENCODE_ID_4864',7.367164541432477,0.00325094722864816,-0.007942455742825115,1.3281157861773453e-37,0.9768810788767528,0.01766631969930165
'ENCODE_ID_101927275',4.339397796288981,0.017867357643982118,0.015566595217883198,1.969195366863405e-19,0.9183243287547342,0.0032367024353008125
'ENCODE_ID_441818',6.728506920746757,-0.07256345521322327,-0.01520167843224487,3.350398719699997e-30,0.6281489654829364,0.0009458331171642996
'ENCODE_ID_3998',6.892530474213459,0.1192418431255916,0.007031732515502317,9.684068711210821e-39,0.2325078310064821,0.01744448380261671
'ENCODE_ID_494470',9.045993142458766,-0.2446206924228948,-0.009493337879504378,3.425298252217442e-39,0.05914689754594911,0.012641237922598624
'ENCODE_ID_107987258',7.687732608781802,-0.013797827525707018,0.012284567452570772,4.752116908460772e-34,0.9216048783301991,0.003822833721670089
'ENCODE_ID_79839',6.4270776071877656,0.08196807994855687,0.009134535589787047,1.0757196192045728e-30,0.5569958337364378,0.02735159326725852
'ENCODE_ID_83876',4.393581016677836,-0.06505103681072244,0.012824739666861321,3.531934854613964e-22,0.6660392817261092,0.004830694833666366
'ENCODE_ID_100526842',6.450107426940757,0.16814629767331313,-0.006418215408837044,1.3911559493976367e-38,0.07697343570194162,0.021187528605743456
'ENCODE_ID_23239',7.584671890110336,-0.042386638705372404,-0.013147302554533774,1.6736177502552434e-32,0.7772041508094754,0.0037561898643228065
'ENCODE_ID_10666',5.152092334082383,0.2249956508901107,0.013948825468061329,1.2030904333536104e-21,0.22001555000622725,0.010587294184840305
'ENCODE_ID_5271',5.867407382997247,-0.10482108759012493,-0.013143902342787006,3.439440404360237e-27,0.4940831762472243,0.0044811360505958315
'ENCODE_ID_90007',6.400623106188602,-0.3115490736240116,-0.011849334151440943,5.6200490716162924e-27,0.0696457175516136,0.01853430094761091
'ENCODE_ID_101928344',7.013621953836596,-0.2865809132952574,-0.007166140001467529,1.6053299790006634e-38,0.006910886545289326,0.018474701473603316
'ENCODE_ID_10194',6.676840159463411,0.01677483698809923,0.009707287433806508,4.390867173493521e-31,0.9058559380604405,0.021564143142847728
'ENCODE_ID_79230',7.48011547640389,-0.15245882056512228,-0.008363532058808493,8.853143781597647e-39,0.15996550867119014,0.009459358770180426
'ENCODE_ID_148252',8.089934920471222,-0.19240576152195699,-0.018056376402533582,1.1773172777271459e-27,0.3517604333841988,0.0037602801498916347
'ENCODE_ID_10272',6.064406282944203,-0.4793089499669412,-0.014222101124692424,1.3443138388670232e-24,0.010890889731023036,0.009167245787283734
'ENCODE_ID_84467',5.652402831832071,-0.17373296644093456,-0.013294623246067207,8.110800995517665e-21,0.40829558945691313,0.032318799927300336
'ENCODE_ID_147727',6.059167419585696,-0.04475689839712543,-0.008211750682487797,2.220542533442114e-31,0.7241792060021954,0.029153610497138965
'ENCODE_ID_59286',5.442385951948714,0.03502445454719333,-0.010552843203273675,3.1159471869093498e-24,0.8333186745421108,0.03254527296328116
'ENCODE_ID_284390',6.285604439559805,-0.4162901800038843,-0.010887628719517265,6.810039831037802e-29,0.007472380615755087,0.01495278576369891
'ENCODE_ID_112268253',4.869342880828338,-0.1420318357161392,0.012295668072214152,3.9341660313906484e-20,0.4504805434108343,0.02745069130975296
'ENCODE_ID_284440',6.224621665590535,-0.12823786020963773,-0.01127741044148926,3.782804233948017e-28,0.40724501373243993,0.01442396376939495
'ENCODE_ID_6511',6.62334332527144,-0.47451601367759483,-0.020340224648261185,7.393363646932561e-27,0.009232886023417026,0.00020842587935300893
'ENCODE_ID_7639',5.983311443265565,0.1133337383171314,-0.010614150894397312,3.2194201063837325e-26,0.49125707781908445,0.029535033406408756
'ENCODE_ID_1463',9.251596036039317,-0.08283004247333947,-0.012203050486595608,1.9585347711382743e-34,0.617065613992288,0.013672399593623614
'ENCODE_ID_101927667',5.9769891433509095,0.035573298187114355,0.008320882602140646,3.5216799454157936e-32,0.7669451156134249,0.019970864813554055
'ENCODE_ID_339318',6.6389975998723285,0.14041686809297682,0.00995535989739716,5.968166389259951e-32,0.30050662272597245,0.013595013175655118
'ENCODE_ID_1088',5.933632693792873,0.023412316496037755,-0.011519078134677542,2.4554904350548365e-25,0.8909924887625906,0.02345644250296213
'ENCODE_ID_105372449',6.0656302527149135,0.28815489913838244,0.018173588601908895,3.0752107227730923e-18,0.2737185137929921,0.01976825582213646
'ENCODE_ID_162966',4.531923684065852,-0.2411258037941196,0.011679710239800216,3.5111295651458236e-22,0.12523172005988079,0.012038103838339694
'ENCODE_ID_101927151',8.24705294319878,-0.4140068251684733,-0.013326696617653197,1.3513907461181923e-29,0.0328520574995693,0.018277035539003287
'ENCODE_ID_54938',6.5021865907183605,-0.5231118497825398,-0.01795357198535507,4.425045541278523e-21,0.031480417331801014,0.011534690028173734
'ENCODE_ID_63934',8.885533735721541,-0.23076404621296093,-0.008910822492921638,1.1273305469191046e-41,0.04081395457240237,0.007275252469331765
'ENCODE_ID_10055',7.415015056202146,-0.2621805106569713,-0.011012499606678335,2.402113705921261e-30,0.11398665954055408,0.023747121293798377
'ENCODE_ID_163115',6.004941683994641,0.2089074654388658,0.012147858485991921,2.175045413018313e-25,0.22915398582104152,0.01816622404480666
'ENCODE_ID_105372471',5.480080990367775,-0.15607451492279523,0.010302872487313246,1.715975601509691e-24,0.34701644120478625,0.03538501915737086
'ENCODE_ID_7728',7.09825145855857,-0.032357398383954794,0.00838080593344123,5.990873906597295e-34,0.8036683056292144,0.03005595461715846
'ENCODE_ID_100073347',6.224108545065338,0.0843451757245951,-0.00928485876898106,2.3695487957256594e-29,0.5606688789908246,0.030653797910314827
'ENCODE_ID_107984088',6.479727599195412,0.0005470834297126581,0.00789670597970564,4.443175503180778e-33,0.9964851091716499,0.032120234017845355
'ENCODE_ID_105372521',7.768375476744617,0.20187769861506588,0.011338396645073157,1.757835558753783e-30,0.23922683201732714,0.02514530952375605
'ENCODE_ID_6795',5.615404874206877,-0.21385436152438853,-0.010882294380005448,1.636427095688545e-25,0.1858113191841056,0.02244770461862064
'ENCODE_ID_10520',7.604918258727832,-0.15707608889216662,-0.01372941266090226,6.278748355780691e-28,0.4114665020012128,0.01587031197386315
'ENCODE_ID_90233',7.2711786410399135,-0.030362502451501294,0.010300574581960788,1.9983084391480597e-31,0.8414418646663656,0.02260160567515642
'ENCODE_ID_105372524',5.916137336775473,-0.04295948559206103,0.00970118440345309,5.759576773718066e-28,0.7716339494690664,0.027350384635636674
'ENCODE_ID_27296',5.1454293682843435,-0.020998377147232627,0.01189732216978633,1.4789110915742345e-25,0.8859381511979175,0.006951537709364626
'ENCODE_ID_1299',6.210981916990998,-0.33572676456488637,-0.014513503934927754,3.4390229576843335e-25,0.06732830362338381,0.007450622462529522
'ENCODE_ID_9935',6.907425145300998,-0.2730065705004651,-0.013975117073766353,6.372994714722136e-25,0.18362461310120248,0.021076832828096765
'ENCODE_ID_80336',6.668764540926244,-0.2617156985485556,-0.011324196245893318,2.4440460681983697e-28,0.11430319166609032,0.020147055600429824
'ENCODE_ID_102723390',5.094282370285811,-0.1706696223301104,0.010234650433068005,2.2904180818058903e-24,0.27274723469435264,0.025984887825046415
'ENCODE_ID_105369302',5.554789311579334,-0.09898801971586346,0.011473688594597855,7.464036379618647e-25,0.5472908123502099,0.019084535746727048
'ENCODE_ID_387522',7.10467659178196,-0.1506336001178049,-0.009356343264974214,3.0967713981949274e-32,0.29232862254051933,0.026848724215694623
'ENCODE_ID_100131496',5.712536967115588,-0.08776125231682513,0.015536826196594475,4.1720441369355295e-21,0.6734858822141603,0.012629187947901499
'ENCODE_ID_101928368',6.431924216624276,-0.4225475624697985,-0.010413522762996334,7.54219879822776e-30,0.005422028362651391,0.01667115011207383
'ENCODE_ID_81027',4.603403948447139,0.09274337759020762,0.01293974987265201,8.841679120221457e-21,0.5878360586513185,0.01149020988454896
'ENCODE_ID_102724428',5.798578615077894,-0.2621375259491392,-0.013503164441729042,2.397857358058078e-27,0.08514993191953836,0.003004487026485454
'ENCODE_ID_1137',7.354517221897427,-0.404595541506956,-0.017772402536866846,2.855469243584867e-23,0.09284608135434395,0.012314343562924195
'ENCODE_ID_107985484',5.381896784553253,-0.04549256999542611,0.011805545781149911,7.101297412657336e-23,0.7976538321974441,0.025226830434674313
'ENCODE_ID_55670',8.353455234922071,0.019193751396299086,0.008984946355604543,3.1732626738592075e-43,0.8415216217827126,0.00212588673747731
'ENCODE_ID_11077',6.26171091544761,-0.38505713122410323,-0.011540971715709116,1.5814948273012534e-27,0.019664297961119417,0.01592650350424593
'ENCODE_ID_642852',8.392039591353466,-0.2573207231027513,-0.014120237918738485,1.4521930201018364e-33,0.1058309171783743,0.003035728774790895
'ENCODE_ID_23076',7.8248894516867775,-0.10322398996295667,-0.00574928316578906,6.68676249958041e-44,0.23852411996554077,0.026102471622060863
'ENCODE_ID_6899',4.6621547165881525,0.003860251406795079,0.013751755934404317,2.4284287266807742e-17,0.9855013607386718,0.02927282128893941
'ENCODE_ID_8224',9.255312435493684,-0.23872101865579043,0.010681011786233964,2.779937889249435e-39,0.07015288664433583,0.0062253650648372355
'ENCODE_ID_107985545',5.755239493839036,-0.11709745715537179,0.012666799384532417,6.3857854645098346e-24,0.5139476704629533,0.01771715455145543
'ENCODE_ID_54487',8.600627390060382,-0.3566326320723248,-0.0106671874429056,1.7176815345939842e-34,0.023691078870023575,0.019626620592897482
'ENCODE_ID_1417',6.7819222027229875,0.04481506116051981,0.0063095588329592795,3.379606494613825e-39,0.6385897800501825,0.025969763756242634
'ENCODE_ID_10633',6.396382096658074,-0.3206297502876701,-0.01096022140229884,1.7855722855604656e-27,0.05554023156280081,0.02481255360565071
'ENCODE_ID_105373004',7.010362717615539,0.13277278222541178,0.02025381974503259,4.025504604398478e-26,0.4935516979846536,0.0006836957290716478
'ENCODE_ID_100128946',6.6310226635768,-0.39373946118607417,-0.017784148529772982,7.002266765045181e-22,0.0933328851573821,0.010307984783891425
'ENCODE_ID_105373002',6.466545458679851,0.007132106190329002,0.014766540045710111,2.805414832288171e-26,0.9678463153545527,0.005677317897396357
'ENCODE_ID_6122',7.489863551674823,-0.3944270683069271,-0.014020294759735385,2.0012583659151147e-27,0.04524116973666832,0.014952823858391903
'ENCODE_ID_100158262',4.579002185661186,-0.01978477857269012,0.010558605685693603,5.5800657510495706e-21,0.9062609556722443,0.03407481531737662
'ENCODE_ID_101927257',6.354892875461865,0.017065134731200304,0.009945723530894873,4.325355770925519e-30,0.90444630815062,0.018961189345304524
'ENCODE_ID_642648',6.324527398626322,0.47429932305970646,0.017876344307470607,1.8860635561602585e-21,0.040116236075377856,0.00845878038081056
'ENCODE_ID_10478',6.123074928676797,0.16510453422379429,-0.011890704535263558,2.5894999746966428e-24,0.3776855097530163,0.03157590452387691
'ENCODE_ID_2187',6.253874039320509,0.07516275657267113,-0.011657612528366215,7.520945962717705e-32,0.5568113428124499,0.0026732573903103067
'ENCODE_ID_5475',6.2177789089103,-0.3098947706726476,-0.014406968959573552,4.1119898484493084e-25,0.09210050009951373,0.008175973842557206
'ENCODE_ID_401588',4.480996796509907,-0.12194176910091098,0.01261462580212325,2.6915336154659064e-20,0.4770484330534003,0.0136803150618611
'ENCODE_ID_5422',7.958422106755094,-0.25511166434122934,-0.014084882449892073,2.2579772100155335e-29,0.17176271825750655,0.011015307279232257
'ENCODE_ID_158724',6.338671929380475,0.044241126402797926,-0.0179653408853043,1.0639975701449277e-24,0.8148854482413344,0.0018331176120120957
'ENCODE_ID_5935',7.971646516992793,-0.24488164534481038,-0.009178226596926471,9.685385045240164e-42,0.016120709400372704,0.0022474435810962484
'ENCODE_ID_7552',8.199635703184184,0.07245348903757998,-0.009149799744485598,6.087159545499724e-38,0.5557332309006415,0.012767062200418665
'ENCODE_ID_9383',4.132952756959017,1.760136960015275,0.08273659924211817,0.03566970492929573,0.1284334960091045,0.01545052666565466
'ENCODE_ID_7503',4.346852494166351,1.8020593329080006,0.08538623693244793,0.039780507886158833,0.14742988137389004,0.019861065631110838
'ENCODE_ID_114928',7.161823467014554,0.13262826081508072,0.006415968538206709,5.3610010483623635e-40,0.17439948383434015,0.02563928170852547
'ENCODE_ID_158866',5.935825870706212,0.054309193378624054,0.011660932849435533,5.4168063495099335e-25,0.7552029297037989,0.024360426947411654
'ENCODE_ID_1478',7.070472563750571,-0.27743569501770193,-0.011191687499881081,4.313241501094737e-30,0.0842764037168355,0.017710357900320665
'ENCODE_ID_100528062',8.817564850311069,0.11056217388815981,0.0051905786624522506,2.3325064883401546e-49,0.14357208319228376,0.019794851119923188
'ENCODE_ID_7544',7.200663990895803,-0.5220930129672408,-0.029336332567018175,3.464709291370461e-18,0.09861869134208724,0.00201080643986685
'ENCODE_ID_80823',6.572968158609227,0.27436929525911335,0.00877319566211493,2.338705129731361e-34,0.02371729433168382,0.012987402466020126
'ENCODE_ID_26280',6.9307562644210545,-0.15971423391678552,-0.01210019945834924,3.7862500612113825e-30,0.30417795383906754,0.009140123158775304
'ENCODE_ID_100303728',5.65003959704292,-0.18824596584455613,-0.009429205921451982,6.2248266819348645e-28,0.18765081263292374,0.02510356909952031
'ENCODE_ID_84443',6.359968365321204,-0.1646028681618789,-0.012775336397759244,2.3501077628930072e-24,0.3959095191403186,0.02609519375127267
'ENCODE_ID_6192',6.70717230749,-0.5586689910603988,-0.020922775241281527,2.032815795850107e-18,0.05557432936393577,0.014452627446735637
'ENCODE_ID_64595',8.677241178729037,-0.8586540152994627,-0.03666826500385959,1.7671602930799124e-13,0.09702490038249413,0.016039139735414383
'ENCODE_ID_83259',8.737189506215751,-0.3110078977502737,-0.02643266596353444,4.812818330824846e-23,0.27863078582307715,0.0023378662120048022
'ENCODE_ID_8653',10.172541777070212,-1.0617657362759152,-0.04822825519607503,3.5860989943820074e-12,0.11104040534759019,0.01413864908065141
'ENCODE_ID_8287',10.301413876998646,-0.9374716100196658,-0.05189488365214574,8.266326105256423e-13,0.1444130473078025,0.006671211002615823
'ENCODE_ID_83869',7.649474162867376,-0.6679579922941037,-0.02742613293383272,8.513001007738649e-15,0.10857856896311066,0.024713189174726154
'ENCODE_ID_246126',8.074030862810883,-0.5523335285100187,-0.0324117411798191,2.6158877555263618e-14,0.22116570429617796,0.015431045077317629
'ENCODE_ID_7404',8.964168134258331,-0.6677200848693702,-0.03978131510744527,1.855041197170244e-13,0.20938497955523563,0.011815122742672395
'ENCODE_ID_8284',10.21695353801666,-1.2829304826277088,-0.05392754617293181,1.8112701623332417e-14,0.025887555019239592,0.0016415985236915215
'ENCODE_ID_246119',6.258495704729714,-0.40138875874397784,-0.01802897801921699,4.404184505770909e-20,0.10188497094962008,0.012770996980132029
'ENCODE_ID_102723630',4.722417186925029,-0.40643903048885044,0.01798581015916175,1.7145007793300124e-13,0.14712735885144665,0.02892362145225112
